type= raw events
count= -1
speed= 1.0
start data >>
LaunchActivity(a2dp.Vol,a2dp.Vol.main)
DispatchKey(245211,245211,0,21,0,0,-1,0)
DispatchKey(245367,245367,1,21,0,0,-1,0)
DispatchKey(245378,245378,0,82,0,0,-1,0)
DispatchKey(245378,245378,1,82,0,0,-1,0)
DispatchKey(245380,245380,0,204,0,0,-1,0)
DispatchKey(245381,245381,1,204,0,0,-1,0)
GUIGen(6)
GUIGen(3)
LaunchActivity(a2dp.Vol,a2dp.Vol.main)
DispatchKey(257015,257015,0,21,0,0,-1,0)
DispatchKey(257016,257016,1,21,0,0,-1,0)
DispatchPointer(257017,257017,0,580.0,281.0,0.0,0.0,0,1.0,1.0,0,0)
DispatchPointer(257017,257017,1,590.50775,283.43912,0.0,0.0,0,1.0,1.0,0,0)
DispatchPointer(257018,257018,0,439.0,1056.0,0.0,0.0,0,1.0,1.0,0,0)
DispatchPointer(257018,257019,1,438.11853,1052.4594,0.0,0.0,0,1.0,1.0,0,0)
DispatchTrackball(-1,257031,2,0.0,3.0,0.0,0.0,0,1.0,1.0,0,0)
DispatchTrackball(-1,257038,2,-5.0,2.0,0.0,0.0,0,1.0,1.0,0,0)
DispatchTrackball(-1,257049,2,-2.0,0.0,0.0,0.0,0,1.0,1.0,0,0)
DispatchTrackball(-1,257050,2,-3.0,0.0,0.0,0.0,0,1.0,1.0,0,0)
DispatchTrackball(-1,257050,2,3.0,1.0,0.0,0.0,0,1.0,1.0,0,0)
DispatchTrackball(-1,257051,2,2.0,-1.0,0.0,0.0,0,1.0,1.0,0,0)
DispatchTrackball(-1,257051,2,4.0,-3.0,0.0,0.0,0,1.0,1.0,0,0)
DispatchTrackball(-1,257051,2,-4.0,2.0,0.0,0.0,0,1.0,1.0,0,0)
DispatchTrackball(-1,257051,2,2.0,2.0,0.0,0.0,0,1.0,1.0,0,0)
DispatchTrackball(-1,257052,2,-4.0,1.0,0.0,0.0,0,1.0,1.0,0,0)
DispatchPointer(257053,257053,0,65.0,718.0,0.0,0.0,0,1.0,1.0,0,0)
DispatchPointer(257053,257055,2,59.274734,719.5476,0.0,0.0,0,1.0,1.0,0,0)
DispatchPointer(257053,257057,2,57.687515,720.57336,0.0,0.0,0,1.0,1.0,0,0)
DispatchPointer(257053,257057,2,53.511127,723.12933,0.0,0.0,0,1.0,1.0,0,0)
DispatchPointer(257053,257058,1,48.272316,723.15375,0.0,0.0,0,1.0,1.0,0,0)
DispatchKey(257059,257059,0,22,0,0,-1,0)
DispatchKey(257076,257076,1,22,0,0,-1,0)
DispatchKey(257080,257080,0,20,0,0,-1,0)
DispatchKey(257080,257080,1,20,0,0,-1,0)
DispatchTrackball(-1,257082,2,2.0,2.0,0.0,0.0,0,1.0,1.0,0,0)
DispatchTrackball(-1,257082,2,3.0,-2.0,0.0,0.0,0,1.0,1.0,0,0)
DispatchTrackball(-1,257082,2,-4.0,-3.0,0.0,0.0,0,1.0,1.0,0,0)
DispatchTrackball(-1,257083,2,1.0,1.0,0.0,0.0,0,1.0,1.0,0,0)
DispatchTrackball(-1,257083,2,-5.0,0.0,0.0,0.0,0,1.0,1.0,0,0)
DispatchTrackball(-1,257084,2,-1.0,4.0,0.0,0.0,0,1.0,1.0,0,0)
DispatchTrackball(-1,257084,2,-3.0,-3.0,0.0,0.0,0,1.0,1.0,0,0)
DispatchTrackball(-1,257084,2,1.0,0.0,0.0,0.0,0,1.0,1.0,0,0)
DispatchTrackball(-1,257086,2,-2.0,4.0,0.0,0.0,0,1.0,1.0,0,0)
DispatchTrackball(-1,257087,2,-4.0,3.0,0.0,0.0,0,1.0,1.0,0,0)
DispatchPointer(257090,257090,0,429.0,417.0,0.0,0.0,0,1.0,1.0,0,0)
DispatchPointer(257090,257091,2,435.13794,416.0997,0.0,0.0,0,1.0,1.0,0,0)
DispatchPointer(257090,257092,1,436.94135,412.71307,0.0,0.0,0,1.0,1.0,0,0)
DispatchPointer(257093,257093,0,529.0,174.0,0.0,0.0,0,1.0,1.0,0,0)
DispatchPointer(257093,257094,1,513.2957,150.8894,0.0,0.0,0,1.0,1.0,0,0)
DispatchPointer(257095,257095,0,546.0,158.0,0.0,0.0,0,1.0,1.0,0,0)
DispatchPointer(257095,257096,1,551.0292,158.14676,0.0,0.0,0,1.0,1.0,0,0)
DispatchKey(257099,257099,0,22,0,0,-1,0)
DispatchKey(257122,257122,1,22,0,0,-1,0)
DispatchTrackball(-1,257706,2,-5.0,-5.0,0.0,0.0,0,1.0,1.0,0,0)
DispatchTrackball(-1,257707,2,-1.0,2.0,0.0,0.0,0,1.0,1.0,0,0)
DispatchTrackball(-1,257708,2,-2.0,4.0,0.0,0.0,0,1.0,1.0,0,0)
DispatchTrackball(-1,257708,2,2.0,-2.0,0.0,0.0,0,1.0,1.0,0,0)
DispatchTrackball(-1,257708,2,1.0,4.0,0.0,0.0,0,1.0,1.0,0,0)
DispatchTrackball(-1,257709,2,-3.0,-4.0,0.0,0.0,0,1.0,1.0,0,0)
DispatchTrackball(-1,257709,2,3.0,-4.0,0.0,0.0,0,1.0,1.0,0,0)
DispatchTrackball(-1,257709,2,3.0,1.0,0.0,0.0,0,1.0,1.0,0,0)
DispatchTrackball(-1,257709,2,2.0,-3.0,0.0,0.0,0,1.0,1.0,0,0)
DispatchTrackball(-1,257710,2,-3.0,0.0,0.0,0.0,0,1.0,1.0,0,0)
DispatchKey(257710,257710,0,13,0,0,-1,0)
DispatchKey(257717,257717,1,13,0,0,-1,0)
DispatchKey(257720,257720,0,23,0,0,-1,0)
DispatchKey(257721,257721,1,23,0,0,-1,0)
DispatchPointer(257721,257722,0,710.0,1143.0,0.0,0.0,0,1.0,1.0,0,0)
DispatchPointer(257721,257726,2,706.816,1143.1692,0.0,0.0,0,1.0,1.0,0,0)
DispatchPointer(257721,257726,2,700.6574,1143.2877,0.0,0.0,0,1.0,1.0,0,0)
DispatchPointer(257721,257727,2,691.8366,1143.799,0.0,0.0,0,1.0,1.0,0,0)
DispatchPointer(257721,257728,2,679.4487,1143.932,0.0,0.0,0,1.0,1.0,0,0)
DispatchPointer(257721,257729,2,673.2157,1144.1594,0.0,0.0,0,1.0,1.0,0,0)
DispatchPointer(257721,257729,2,669.72375,1144.3875,0.0,0.0,0,1.0,1.0,0,0)
DispatchPointer(257721,257730,2,667.77234,1144.5533,0.0,0.0,0,1.0,1.0,0,0)
DispatchPointer(257721,257730,1,656.271,1144.8783,0.0,0.0,0,1.0,1.0,0,0)
DispatchKey(257731,257731,0,23,0,0,-1,0)
DispatchKey(257732,257732,1,23,0,0,-1,0)
DispatchPointer(257732,257732,0,631.0,445.0,0.0,0.0,0,1.0,1.0,0,0)
DispatchPointer(257732,257733,1,626.88116,446.60284,0.0,0.0,0,1.0,1.0,0,0)
DispatchKey(257741,257741,0,10,0,0,-1,0)
DispatchKey(257747,257747,1,10,0,0,-1,0)
DispatchKey(257751,257751,0,82,0,0,-1,0)
DispatchKey(257762,257762,1,82,0,0,-1,0)
DispatchKey(257767,257767,0,20,0,0,-1,0)
DispatchKey(257775,257775,1,20,0,0,-1,0)
DispatchTrackball(-1,257785,2,-2.0,-5.0,0.0,0.0,0,1.0,1.0,0,0)
DispatchTrackball(-1,257790,2,4.0,0.0,0.0,0.0,0,1.0,1.0,0,0)
DispatchTrackball(-1,257791,2,-2.0,-1.0,0.0,0.0,0,1.0,1.0,0,0)
DispatchTrackball(-1,257792,2,2.0,3.0,0.0,0.0,0,1.0,1.0,0,0)
DispatchTrackball(-1,257792,2,0.0,2.0,0.0,0.0,0,1.0,1.0,0,0)
DispatchTrackball(-1,257793,2,4.0,0.0,0.0,0.0,0,1.0,1.0,0,0)
DispatchTrackball(-1,257793,2,3.0,3.0,0.0,0.0,0,1.0,1.0,0,0)
DispatchTrackball(-1,257793,2,-4.0,0.0,0.0,0.0,0,1.0,1.0,0,0)
DispatchTrackball(-1,257793,2,-3.0,0.0,0.0,0.0,0,1.0,1.0,0,0)
DispatchTrackball(-1,257794,2,-4.0,-2.0,0.0,0.0,0,1.0,1.0,0,0)
DispatchKey(257794,257794,0,23,0,0,-1,0)
DispatchKey(257814,257814,1,23,0,0,-1,0)
DispatchPointer(257818,257818,0,177.0,947.0,0.0,0.0,0,1.0,1.0,0,0)
DispatchPointer(257818,257819,1,176.08522,934.8772,0.0,0.0,0,1.0,1.0,0,0)
DispatchTrackball(-1,257822,2,4.0,-5.0,0.0,0.0,0,1.0,1.0,0,0)
DispatchTrackball(-1,257823,2,-5.0,-5.0,0.0,0.0,0,1.0,1.0,0,0)
DispatchTrackball(-1,257824,2,0.0,-2.0,0.0,0.0,0,1.0,1.0,0,0)
DispatchTrackball(-1,257825,2,3.0,3.0,0.0,0.0,0,1.0,1.0,0,0)
DispatchTrackball(-1,257826,2,4.0,4.0,0.0,0.0,0,1.0,1.0,0,0)
DispatchTrackball(-1,257826,2,1.0,0.0,0.0,0.0,0,1.0,1.0,0,0)
DispatchTrackball(-1,257827,2,-1.0,-3.0,0.0,0.0,0,1.0,1.0,0,0)
DispatchTrackball(-1,257827,2,0.0,1.0,0.0,0.0,0,1.0,1.0,0,0)
DispatchTrackball(-1,257827,2,3.0,-3.0,0.0,0.0,0,1.0,1.0,0,0)
DispatchTrackball(-1,257828,2,0.0,1.0,0.0,0.0,0,1.0,1.0,0,0)
DispatchKey(257828,257828,0,23,0,0,-1,0)
DispatchKey(257851,257851,1,23,0,0,-1,0)
DispatchKey(257856,257856,0,25,0,0,-1,0)
DispatchKey(258007,258007,1,25,0,0,-1,0)
DispatchKey(258392,258392,0,22,0,0,-1,0)
DispatchKey(258393,258393,1,22,0,0,-1,0)
DispatchTrackball(-1,258394,2,1.0,0.0,0.0,0.0,0,1.0,1.0,0,0)
DispatchTrackball(-1,258394,2,-1.0,-5.0,0.0,0.0,0,1.0,1.0,0,0)
DispatchTrackball(-1,258395,2,1.0,2.0,0.0,0.0,0,1.0,1.0,0,0)
DispatchTrackball(-1,258395,2,-3.0,-4.0,0.0,0.0,0,1.0,1.0,0,0)
DispatchTrackball(-1,258395,2,3.0,-3.0,0.0,0.0,0,1.0,1.0,0,0)
DispatchTrackball(-1,258396,2,-3.0,4.0,0.0,0.0,0,1.0,1.0,0,0)
DispatchTrackball(-1,258396,2,-1.0,2.0,0.0,0.0,0,1.0,1.0,0,0)
DispatchTrackball(-1,258396,2,1.0,-5.0,0.0,0.0,0,1.0,1.0,0,0)
DispatchTrackball(-1,258396,2,-4.0,0.0,0.0,0.0,0,1.0,1.0,0,0)
DispatchTrackball(-1,258397,2,0.0,4.0,0.0,0.0,0,1.0,1.0,0,0)
DispatchKey(258397,258397,0,20,0,0,-1,0)
DispatchKey(258417,258417,1,20,0,0,-1,0)
DispatchTrackball(-1,258428,2,-3.0,-4.0,0.0,0.0,0,1.0,1.0,0,0)
DispatchTrackball(-1,258428,2,-2.0,-1.0,0.0,0.0,0,1.0,1.0,0,0)
DispatchTrackball(-1,258428,2,-2.0,-2.0,0.0,0.0,0,1.0,1.0,0,0)
DispatchTrackball(-1,258428,2,0.0,2.0,0.0,0.0,0,1.0,1.0,0,0)
DispatchTrackball(-1,258429,2,0.0,0.0,0.0,0.0,0,1.0,1.0,0,0)
DispatchTrackball(-1,258429,2,4.0,1.0,0.0,0.0,0,1.0,1.0,0,0)
DispatchTrackball(-1,258429,2,0.0,4.0,0.0,0.0,0,1.0,1.0,0,0)
DispatchTrackball(-1,258429,2,1.0,1.0,0.0,0.0,0,1.0,1.0,0,0)
DispatchTrackball(-1,258432,2,-5.0,1.0,0.0,0.0,0,1.0,1.0,0,0)
DispatchTrackball(-1,258433,2,2.0,-3.0,0.0,0.0,0,1.0,1.0,0,0)
DispatchTrackball(258428,258433,0,0.0,0.0,0.0,0.0,0,1.0,1.0,0,0)
DispatchTrackball(258428,258434,1,0.0,0.0,0.0,0.0,0,1.0,1.0,0,0)
DispatchPointer(258439,258439,0,756.0,787.0,0.0,0.0,0,1.0,1.0,0,0)
DispatchPointer(258439,258444,1,754.13074,775.38434,0.0,0.0,0,1.0,1.0,0,0)
DispatchTrackball(-1,258447,2,-3.0,2.0,0.0,0.0,0,1.0,1.0,0,0)
DispatchTrackball(-1,258448,2,-3.0,-1.0,0.0,0.0,0,1.0,1.0,0,0)
DispatchTrackball(-1,258448,2,-4.0,0.0,0.0,0.0,0,1.0,1.0,0,0)
DispatchTrackball(-1,258448,2,2.0,-2.0,0.0,0.0,0,1.0,1.0,0,0)
DispatchTrackball(-1,258449,2,-4.0,4.0,0.0,0.0,0,1.0,1.0,0,0)
DispatchTrackball(-1,258449,2,-3.0,-3.0,0.0,0.0,0,1.0,1.0,0,0)
DispatchTrackball(-1,258450,2,-4.0,2.0,0.0,0.0,0,1.0,1.0,0,0)
DispatchTrackball(-1,258451,2,0.0,-1.0,0.0,0.0,0,1.0,1.0,0,0)
DispatchTrackball(-1,258452,2,1.0,4.0,0.0,0.0,0,1.0,1.0,0,0)
DispatchTrackball(-1,258452,2,-2.0,1.0,0.0,0.0,0,1.0,1.0,0,0)
DispatchKey(258452,258452,0,22,0,0,-1,0)
DispatchKey(258481,258481,1,22,0,0,-1,0)
DispatchPointer(258484,258484,0,749.0,554.0,0.0,0.0,0,1.0,1.0,0,0)
DispatchPointer(258484,258485,2,767.20325,553.4591,0.0,0.0,0,1.0,1.0,0,0)
DispatchPointer(258484,258485,2,768.0,553.422,0.0,0.0,0,1.0,1.0,0,0)
DispatchPointer(258484,258485,2,768.0,552.50977,0.0,0.0,0,1.0,1.0,0,0)
DispatchPointer(258484,258485,2,768.0,551.80927,0.0,0.0,0,1.0,1.0,0,0)
DispatchPointer(258484,258486,2,768.0,551.15906,0.0,0.0,0,1.0,1.0,0,0)
DispatchPointer(258484,258486,1,768.0,550.38983,0.0,0.0,0,1.0,1.0,0,0)
DispatchTrackball(-1,258488,2,-2.0,-1.0,0.0,0.0,0,1.0,1.0,0,0)
DispatchTrackball(-1,258488,2,0.0,-4.0,0.0,0.0,0,1.0,1.0,0,0)
DispatchTrackball(-1,258489,2,4.0,0.0,0.0,0.0,0,1.0,1.0,0,0)
DispatchTrackball(-1,258489,2,-3.0,-2.0,0.0,0.0,0,1.0,1.0,0,0)
DispatchTrackball(-1,258489,2,3.0,-3.0,0.0,0.0,0,1.0,1.0,0,0)
DispatchTrackball(-1,258489,2,-1.0,-1.0,0.0,0.0,0,1.0,1.0,0,0)
DispatchTrackball(-1,258489,2,-1.0,4.0,0.0,0.0,0,1.0,1.0,0,0)
DispatchTrackball(-1,258490,2,-4.0,2.0,0.0,0.0,0,1.0,1.0,0,0)
DispatchTrackball(-1,258490,2,0.0,-1.0,0.0,0.0,0,1.0,1.0,0,0)
DispatchTrackball(-1,258491,2,2.0,3.0,0.0,0.0,0,1.0,1.0,0,0)
DispatchPointer(258491,258491,0,617.0,122.0,0.0,0.0,0,1.0,1.0,0,0)
DispatchPointer(258491,258492,1,627.7284,124.515274,0.0,0.0,0,1.0,1.0,0,0)
DispatchKey(258493,258493,0,22,0,0,-1,0)
DispatchKey(258527,258527,1,22,0,0,-1,0)
DispatchKey(258532,258532,0,22,0,0,-1,0)
DispatchKey(258533,258533,1,22,0,0,-1,0)
DispatchKey(258534,258534,0,19,0,0,-1,0)
DispatchKey(258551,258551,1,19,0,0,-1,0)
DispatchPointer(258555,258555,0,417.0,468.0,0.0,0.0,0,1.0,1.0,0,0)
DispatchPointer(258555,258555,2,425.33932,461.34058,0.0,0.0,0,1.0,1.0,0,0)
DispatchPointer(258555,258556,2,429.4231,451.9191,0.0,0.0,0,1.0,1.0,0,0)
DispatchPointer(258555,258556,2,431.64786,442.03528,0.0,0.0,0,1.0,1.0,0,0)
DispatchPointer(258555,258556,1,431.95343,428.85687,0.0,0.0,0,1.0,1.0,0,0)
DispatchTrackball(-1,258557,2,1.0,-4.0,0.0,0.0,0,1.0,1.0,0,0)
DispatchTrackball(-1,258557,2,1.0,2.0,0.0,0.0,0,1.0,1.0,0,0)
DispatchTrackball(-1,258558,2,-5.0,-1.0,0.0,0.0,0,1.0,1.0,0,0)
DispatchTrackball(-1,258558,2,0.0,4.0,0.0,0.0,0,1.0,1.0,0,0)
DispatchTrackball(-1,258558,2,-2.0,-3.0,0.0,0.0,0,1.0,1.0,0,0)
DispatchTrackball(-1,258559,2,-1.0,-1.0,0.0,0.0,0,1.0,1.0,0,0)
DispatchTrackball(-1,258559,2,-3.0,-2.0,0.0,0.0,0,1.0,1.0,0,0)
DispatchTrackball(-1,258559,2,-2.0,3.0,0.0,0.0,0,1.0,1.0,0,0)
DispatchTrackball(-1,258560,2,2.0,3.0,0.0,0.0,0,1.0,1.0,0,0)
DispatchTrackball(-1,258560,2,4.0,-5.0,0.0,0.0,0,1.0,1.0,0,0)
DispatchTrackball(-1,258560,2,1.0,2.0,0.0,0.0,0,1.0,1.0,0,0)
DispatchTrackball(-1,258560,2,-3.0,-5.0,0.0,0.0,0,1.0,1.0,0,0)
DispatchTrackball(-1,258561,2,-1.0,2.0,0.0,0.0,0,1.0,1.0,0,0)
DispatchTrackball(-1,258561,2,2.0,2.0,0.0,0.0,0,1.0,1.0,0,0)
DispatchTrackball(-1,258562,2,-4.0,4.0,0.0,0.0,0,1.0,1.0,0,0)
DispatchTrackball(-1,258562,2,-1.0,-3.0,0.0,0.0,0,1.0,1.0,0,0)
DispatchTrackball(-1,258563,2,-2.0,-3.0,0.0,0.0,0,1.0,1.0,0,0)
DispatchTrackball(-1,258563,2,2.0,-5.0,0.0,0.0,0,1.0,1.0,0,0)
DispatchTrackball(-1,258564,2,3.0,3.0,0.0,0.0,0,1.0,1.0,0,0)
DispatchTrackball(-1,258564,2,3.0,1.0,0.0,0.0,0,1.0,1.0,0,0)
DispatchKey(258564,258564,0,22,0,0,-1,0)
DispatchKey(258597,258597,1,22,0,0,-1,0)
DispatchTrackball(-1,258600,2,0.0,-1.0,0.0,0.0,0,1.0,1.0,0,0)
DispatchTrackball(-1,258601,2,-3.0,-3.0,0.0,0.0,0,1.0,1.0,0,0)
DispatchTrackball(-1,258601,2,-4.0,0.0,0.0,0.0,0,1.0,1.0,0,0)
DispatchTrackball(-1,258601,2,0.0,-5.0,0.0,0.0,0,1.0,1.0,0,0)
DispatchTrackball(-1,258602,2,0.0,2.0,0.0,0.0,0,1.0,1.0,0,0)
DispatchTrackball(-1,258602,2,4.0,0.0,0.0,0.0,0,1.0,1.0,0,0)
DispatchTrackball(-1,258603,2,-1.0,-3.0,0.0,0.0,0,1.0,1.0,0,0)
DispatchTrackball(-1,258603,2,0.0,1.0,0.0,0.0,0,1.0,1.0,0,0)
DispatchTrackball(-1,258603,2,-2.0,-1.0,0.0,0.0,0,1.0,1.0,0,0)
DispatchTrackball(-1,258604,2,4.0,0.0,0.0,0.0,0,1.0,1.0,0,0)
DispatchTrackball(-1,258604,2,1.0,3.0,0.0,0.0,0,1.0,1.0,0,0)
DispatchTrackball(-1,258605,2,-3.0,2.0,0.0,0.0,0,1.0,1.0,0,0)
DispatchTrackball(-1,258606,2,2.0,-1.0,0.0,0.0,0,1.0,1.0,0,0)
DispatchTrackball(-1,258608,2,4.0,-4.0,0.0,0.0,0,1.0,1.0,0,0)
DispatchTrackball(-1,258608,2,-2.0,-3.0,0.0,0.0,0,1.0,1.0,0,0)
DispatchTrackball(-1,258608,2,-2.0,1.0,0.0,0.0,0,1.0,1.0,0,0)
DispatchTrackball(-1,258609,2,-4.0,1.0,0.0,0.0,0,1.0,1.0,0,0)
DispatchTrackball(-1,258609,2,-4.0,-4.0,0.0,0.0,0,1.0,1.0,0,0)
DispatchTrackball(-1,258610,2,0.0,4.0,0.0,0.0,0,1.0,1.0,0,0)
DispatchTrackball(-1,258611,2,-4.0,2.0,0.0,0.0,0,1.0,1.0,0,0)
DispatchPointer(258611,258611,0,534.0,1107.0,0.0,0.0,0,1.0,1.0,0,0)
DispatchPointer(258611,258612,1,527.22,1106.222,0.0,0.0,0,1.0,1.0,0,0)
DispatchKey(258612,258612,0,20,0,0,-1,0)
DispatchKey(258627,258627,1,20,0,0,-1,0)
DispatchKey(258631,258631,0,23,0,0,-1,0)
DispatchKey(258631,258631,1,23,0,0,-1,0)
DispatchKey(258632,258632,0,22,0,0,-1,0)
DispatchKey(258632,258632,1,22,0,0,-1,0)
DispatchKey(258633,258633,0,23,0,0,-1,0)
DispatchKey(258651,258651,1,23,0,0,-1,0)
DispatchTrackball(-1,258652,2,2.0,-5.0,0.0,0.0,0,1.0,1.0,0,0)
DispatchTrackball(-1,258653,2,-1.0,3.0,0.0,0.0,0,1.0,1.0,0,0)
DispatchTrackball(-1,258654,2,0.0,-5.0,0.0,0.0,0,1.0,1.0,0,0)
DispatchTrackball(-1,258654,2,-2.0,-3.0,0.0,0.0,0,1.0,1.0,0,0)
DispatchTrackball(-1,258655,2,-5.0,4.0,0.0,0.0,0,1.0,1.0,0,0)
DispatchTrackball(-1,258655,2,1.0,-2.0,0.0,0.0,0,1.0,1.0,0,0)
DispatchTrackball(-1,258655,2,-1.0,3.0,0.0,0.0,0,1.0,1.0,0,0)
DispatchTrackball(-1,258656,2,0.0,-5.0,0.0,0.0,0,1.0,1.0,0,0)
DispatchTrackball(-1,258656,2,-3.0,-5.0,0.0,0.0,0,1.0,1.0,0,0)
DispatchTrackball(-1,258656,2,0.0,3.0,0.0,0.0,0,1.0,1.0,0,0)
DispatchKey(258656,258656,0,19,0,0,-1,0)
DispatchKey(258682,258682,1,19,0,0,-1,0)
DispatchKey(258687,258687,0,82,0,0,-1,0)
DispatchKey(258701,258701,1,82,0,0,-1,0)
DispatchKey(258702,258702,0,20,0,0,-1,0)
DispatchKey(258703,258703,1,20,0,0,-1,0)
DispatchKey(258705,258705,0,20,0,0,-1,0)
DispatchKey(258705,258705,1,20,0,0,-1,0)
DispatchTrackball(-1,258705,2,0.0,3.0,0.0,0.0,0,1.0,1.0,0,0)
DispatchTrackball(-1,258706,2,0.0,-3.0,0.0,0.0,0,1.0,1.0,0,0)
DispatchTrackball(-1,258706,2,-1.0,1.0,0.0,0.0,0,1.0,1.0,0,0)
DispatchTrackball(-1,258706,2,2.0,-3.0,0.0,0.0,0,1.0,1.0,0,0)
DispatchTrackball(-1,258707,2,-3.0,1.0,0.0,0.0,0,1.0,1.0,0,0)
DispatchTrackball(-1,258707,2,2.0,2.0,0.0,0.0,0,1.0,1.0,0,0)
DispatchTrackball(-1,258707,2,-3.0,0.0,0.0,0.0,0,1.0,1.0,0,0)
DispatchTrackball(-1,258708,2,-1.0,-2.0,0.0,0.0,0,1.0,1.0,0,0)
DispatchTrackball(-1,258708,2,1.0,4.0,0.0,0.0,0,1.0,1.0,0,0)
DispatchTrackball(-1,258708,2,-5.0,-3.0,0.0,0.0,0,1.0,1.0,0,0)
DispatchPointer(258708,258708,0,211.0,233.0,0.0,0.0,0,1.0,1.0,0,0)
DispatchPointer(258708,258709,1,211.04561,225.78253,0.0,0.0,0,1.0,1.0,0,0)
DispatchPointer(258710,258710,0,81.0,749.0,0.0,0.0,0,1.0,1.0,0,0)
DispatchPointer(258710,258710,2,81.00219,757.6891,0.0,0.0,0,1.0,1.0,0,0)
DispatchPointer(258710,258711,2,81.32115,767.5597,0.0,0.0,0,1.0,1.0,0,0)
DispatchPointer(258710,258711,2,81.360405,772.7015,0.0,0.0,0,1.0,1.0,0,0)
DispatchPointer(258710,258712,2,81.96953,779.21985,0.0,0.0,0,1.0,1.0,0,0)
DispatchPointer(258710,258712,2,82.49948,783.1626,0.0,0.0,0,1.0,1.0,0,0)
DispatchPointer(258710,258712,2,82.99422,787.2962,0.0,0.0,0,1.0,1.0,0,0)
DispatchPointer(258710,258713,1,83.75292,788.9049,0.0,0.0,0,1.0,1.0,0,0)
DispatchKey(258714,258714,0,22,0,0,-1,0)
DispatchKey(258719,258719,1,22,0,0,-1,0)
DispatchKey(258748,258748,0,19,0,0,-1,0)
DispatchKey(258750,258750,1,19,0,0,-1,0)
DispatchPointer(258781,258781,0,135.0,989.0,0.0,0.0,0,1.0,1.0,0,0)
DispatchPointer(258781,258782,1,144.21307,987.25415,0.0,0.0,0,1.0,1.0,0,0)
DispatchPointer(258783,258783,0,462.0,687.0,0.0,0.0,0,1.0,1.0,0,0)
DispatchPointer(258783,258784,1,450.39728,686.1635,0.0,0.0,0,1.0,1.0,0,0)
DispatchKey(258785,258785,0,82,0,0,-1,0)
DispatchKey(258799,258799,1,82,0,0,-1,0)
DispatchKey(258803,258803,0,22,0,0,-1,0)
DispatchKey(258816,258816,1,22,0,0,-1,0)
DispatchKey(258816,258816,0,167,0,0,-1,0)
DispatchKey(258817,258817,1,167,0,0,-1,0)
DispatchKey(258818,258818,0,25,0,0,-1,0)
DispatchKey(258970,258970,1,25,0,0,-1,0)
DispatchKey(258983,258983,0,190,0,0,-1,0)
DispatchKey(258986,258986,1,190,0,0,-1,0)
DispatchKey(258988,258988,0,186,0,0,-1,0)
DispatchKey(258989,258989,1,186,0,0,-1,0)
DispatchKey(258990,258990,0,22,0,0,-1,0)
DispatchKey(259001,259001,1,22,0,0,-1,0)
DispatchPointer(259003,259003,0,132.0,997.0,0.0,0.0,0,1.0,1.0,0,0)
DispatchPointer(259003,259005,2,118.00419,1000.2428,0.0,0.0,0,1.0,1.0,0,0)
DispatchPointer(259003,259006,2,116.52615,1003.14044,0.0,0.0,0,1.0,1.0,0,0)
DispatchPointer(259003,259006,1,111.51261,1019.4929,0.0,0.0,0,1.0,1.0,0,0)
DispatchKey(259007,259007,0,21,0,0,-1,0)
DispatchKey(259019,259019,1,21,0,0,-1,0)
DispatchKey(259020,259020,0,25,0,0,-1,0)
DispatchKey(259171,259171,1,25,0,0,-1,0)
DispatchPointer(259201,259201,0,706.0,619.0,0.0,0.0,0,1.0,1.0,0,0)
DispatchPointer(259201,259205,2,705.12445,625.51056,0.0,0.0,0,1.0,1.0,0,0)
DispatchPointer(259201,259206,2,704.1802,628.50226,0.0,0.0,0,1.0,1.0,0,0)
DispatchPointer(259201,259206,2,703.8151,634.34515,0.0,0.0,0,1.0,1.0,0,0)
DispatchPointer(259201,259206,2,703.61096,636.66626,0.0,0.0,0,1.0,1.0,0,0)
DispatchPointer(259201,259207,2,702.70935,642.35754,0.0,0.0,0,1.0,1.0,0,0)
DispatchPointer(259201,259207,2,701.7684,645.6027,0.0,0.0,0,1.0,1.0,0,0)
DispatchPointer(259201,259207,2,700.71387,650.6393,0.0,0.0,0,1.0,1.0,0,0)
DispatchPointer(259201,259208,2,699.53516,651.58514,0.0,0.0,0,1.0,1.0,0,0)
DispatchPointer(259201,259208,1,698.5631,657.2469,0.0,0.0,0,1.0,1.0,0,0)
DispatchKey(259211,259211,0,23,0,0,-1,0)
DispatchKey(259223,259223,1,23,0,0,-1,0)
DispatchPointer(259241,259241,0,761.0,185.0,0.0,0.0,0,1.0,1.0,0,0)
DispatchPointer(259241,259242,2,761.3294,186.17287,0.0,0.0,0,1.0,1.0,0,0)
DispatchPointer(259241,259243,2,762.7292,194.3061,0.0,0.0,0,1.0,1.0,0,0)
DispatchPointer(259241,259244,2,768.0,204.96906,0.0,0.0,0,1.0,1.0,0,0)
DispatchPointer(259241,259244,2,768.0,208.60634,0.0,0.0,0,1.0,1.0,0,0)
DispatchPointer(259241,259244,2,768.0,219.00327,0.0,0.0,0,1.0,1.0,0,0)
DispatchPointer(259241,259245,2,768.0,226.99959,0.0,0.0,0,1.0,1.0,0,0)
DispatchPointer(259241,259245,2,768.0,235.40369,0.0,0.0,0,1.0,1.0,0,0)
DispatchPointer(259241,259245,2,768.0,236.39528,0.0,0.0,0,1.0,1.0,0,0)
DispatchPointer(259241,259246,2,768.0,241.0431,0.0,0.0,0,1.0,1.0,0,0)
DispatchPointer(259241,259246,1,768.0,242.95718,0.0,0.0,0,1.0,1.0,0,0)
DispatchKey(259247,259247,0,23,0,0,-1,0)
DispatchKey(259276,259276,1,23,0,0,-1,0)
DispatchPointer(259295,259295,0,597.0,188.0,0.0,0.0,0,1.0,1.0,0,0)
DispatchPointer(259295,259295,2,602.7898,191.87364,0.0,0.0,0,1.0,1.0,0,0)
DispatchPointer(259295,259296,1,603.77856,198.52333,0.0,0.0,0,1.0,1.0,0,0)
DispatchKey(259297,259297,0,22,0,0,-1,0)
DispatchKey(259323,259323,1,22,0,0,-1,0)
DispatchKey(259381,259381,0,23,0,0,-1,0)
DispatchKey(259398,259398,1,23,0,0,-1,0)
DispatchPointer(259399,259399,0,679.0,659.0,0.0,0.0,0,1.0,1.0,0,0)
DispatchPointer(259399,259400,2,663.1252,677.38824,0.0,0.0,0,1.0,1.0,0,0)
DispatchPointer(259399,259402,2,662.6324,696.36066,0.0,0.0,0,1.0,1.0,0,0)
DispatchPointer(259399,259403,2,657.6738,698.8077,0.0,0.0,0,1.0,1.0,0,0)
DispatchPointer(259399,259405,2,646.2386,719.0153,0.0,0.0,0,1.0,1.0,0,0)
DispatchPointer(259399,259405,2,634.06323,722.39825,0.0,0.0,0,1.0,1.0,0,0)
DispatchPointer(259399,259406,2,622.3001,727.6986,0.0,0.0,0,1.0,1.0,0,0)
DispatchPointer(259399,259407,2,618.94904,737.9785,0.0,0.0,0,1.0,1.0,0,0)
DispatchPointer(259399,259409,2,604.5227,758.3853,0.0,0.0,0,1.0,1.0,0,0)
DispatchPointer(259399,259410,2,603.3005,761.06604,0.0,0.0,0,1.0,1.0,0,0)
DispatchPointer(259399,259410,1,581.85583,774.0728,0.0,0.0,0,1.0,1.0,0,0)
DispatchKey(259411,259411,0,23,0,0,-1,0)
DispatchKey(259423,259423,1,23,0,0,-1,0)
DispatchPointer(259457,259457,0,673.0,391.0,0.0,0.0,0,1.0,1.0,0,0)
DispatchPointer(259457,259459,1,665.6909,395.18518,0.0,0.0,0,1.0,1.0,0,0)
DispatchPointer(259460,259460,0,336.0,1147.0,0.0,0.0,0,1.0,1.0,0,0)
DispatchPointer(259460,259461,1,350.6816,1150.3223,0.0,0.0,0,1.0,1.0,0,0)
DispatchKey(259462,259462,0,82,0,0,-1,0)
DispatchKey(259493,259493,1,82,0,0,-1,0)
DispatchPointer(259510,259510,0,119.0,899.0,0.0,0.0,0,1.0,1.0,0,0)
DispatchPointer(259510,259511,1,116.832756,899.7494,0.0,0.0,0,1.0,1.0,0,0)
DispatchKey(259514,259514,0,22,0,0,-1,0)
DispatchKey(259528,259528,1,22,0,0,-1,0)
DispatchTrackball(-1,259528,2,-4.0,-3.0,0.0,0.0,0,1.0,1.0,0,0)
DispatchTrackball(-1,259529,2,3.0,3.0,0.0,0.0,0,1.0,1.0,0,0)
DispatchTrackball(-1,259530,2,4.0,3.0,0.0,0.0,0,1.0,1.0,0,0)
DispatchTrackball(-1,259530,2,2.0,-5.0,0.0,0.0,0,1.0,1.0,0,0)
DispatchTrackball(-1,259530,2,1.0,0.0,0.0,0.0,0,1.0,1.0,0,0)
DispatchTrackball(-1,259530,2,0.0,4.0,0.0,0.0,0,1.0,1.0,0,0)
DispatchTrackball(-1,259531,2,-3.0,-3.0,0.0,0.0,0,1.0,1.0,0,0)
DispatchTrackball(-1,259531,2,-3.0,-5.0,0.0,0.0,0,1.0,1.0,0,0)
DispatchTrackball(-1,259531,2,3.0,1.0,0.0,0.0,0,1.0,1.0,0,0)
DispatchTrackball(-1,259532,2,3.0,1.0,0.0,0.0,0,1.0,1.0,0,0)
DispatchTrackball(-1,259532,2,1.0,-1.0,0.0,0.0,0,1.0,1.0,0,0)
DispatchTrackball(-1,259532,2,-5.0,-5.0,0.0,0.0,0,1.0,1.0,0,0)
DispatchTrackball(-1,259533,2,-2.0,1.0,0.0,0.0,0,1.0,1.0,0,0)
DispatchTrackball(-1,259534,2,-4.0,4.0,0.0,0.0,0,1.0,1.0,0,0)
DispatchTrackball(-1,259535,2,-5.0,2.0,0.0,0.0,0,1.0,1.0,0,0)
DispatchTrackball(-1,259537,2,3.0,3.0,0.0,0.0,0,1.0,1.0,0,0)
DispatchTrackball(-1,259537,2,-3.0,-1.0,0.0,0.0,0,1.0,1.0,0,0)
DispatchTrackball(-1,259538,2,-1.0,4.0,0.0,0.0,0,1.0,1.0,0,0)
DispatchTrackball(-1,259538,2,4.0,0.0,0.0,0.0,0,1.0,1.0,0,0)
DispatchTrackball(-1,259539,2,-5.0,-1.0,0.0,0.0,0,1.0,1.0,0,0)
DispatchKey(259539,259539,0,23,0,0,-1,0)
DispatchKey(259552,259552,1,23,0,0,-1,0)
DispatchPointer(259556,259556,0,473.0,513.0,0.0,0.0,0,1.0,1.0,0,0)
DispatchPointer(259556,259560,2,475.4528,508.43494,0.0,0.0,0,1.0,1.0,0,0)
DispatchPointer(259556,259560,2,476.70667,494.67908,0.0,0.0,0,1.0,1.0,0,0)
DispatchPointer(259556,259560,2,479.46756,494.17307,0.0,0.0,0,1.0,1.0,0,0)
DispatchPointer(259556,259560,2,480.44223,475.63782,0.0,0.0,0,1.0,1.0,0,0)
DispatchPointer(259556,259560,2,481.09824,474.76822,0.0,0.0,0,1.0,1.0,0,0)
DispatchPointer(259556,259561,2,481.2541,465.48846,0.0,0.0,0,1.0,1.0,0,0)
DispatchPointer(259556,259561,2,482.18454,457.64572,0.0,0.0,0,1.0,1.0,0,0)
