type= raw events
count= -1
speed= 1.0
start data >>
LaunchActivity(a2dp.Vol,a2dp.Vol.main)
DispatchKey(25389,25389,0,4,0,0,-1,0)
DispatchKey(25790,25790,1,4,0,0,-1,0)
DispatchKey(25793,25793,0,21,0,0,-1,0)
DispatchKey(25796,25796,1,21,0,0,-1,0)
DispatchPointer(25801,25801,0,534.0,428.0,0.0,0.0,0,1.0,1.0,0,0)
DispatchPointer(25801,25803,1,537.7389,439.21405,0.0,0.0,0,1.0,1.0,0,0)
DispatchPointer(25807,25807,0,559.0,391.0,0.0,0.0,0,1.0,1.0,0,0)
DispatchPointer(25807,25808,1,559.4497,387.0593,0.0,0.0,0,1.0,1.0,0,0)
DispatchKey(25810,25810,0,77,0,0,-1,0)
DispatchKey(25912,25912,1,77,0,0,-1,0)
DispatchKey(25913,25913,0,218,0,0,-1,0)
DispatchKey(25916,25916,1,218,0,0,-1,0)
DispatchTrackball(-1,25927,2,-5.0,-3.0,0.0,0.0,0,1.0,1.0,0,0)
DispatchTrackball(-1,25928,2,-1.0,2.0,0.0,0.0,0,1.0,1.0,0,0)
DispatchTrackball(-1,25930,2,-5.0,-2.0,0.0,0.0,0,1.0,1.0,0,0)
DispatchTrackball(-1,25930,2,-4.0,-1.0,0.0,0.0,0,1.0,1.0,0,0)
DispatchTrackball(-1,25930,2,2.0,3.0,0.0,0.0,0,1.0,1.0,0,0)
DispatchTrackball(-1,25931,2,-1.0,-2.0,0.0,0.0,0,1.0,1.0,0,0)
DispatchTrackball(-1,25935,2,3.0,-5.0,0.0,0.0,0,1.0,1.0,0,0)
DispatchTrackball(-1,25936,2,1.0,-2.0,0.0,0.0,0,1.0,1.0,0,0)
DispatchTrackball(-1,25942,2,1.0,-1.0,0.0,0.0,0,1.0,1.0,0,0)
DispatchTrackball(-1,25943,2,-5.0,4.0,0.0,0.0,0,1.0,1.0,0,0)
DispatchKey(25944,25944,0,19,0,0,-1,0)
DispatchKey(26003,26003,1,19,0,0,-1,0)
DispatchKey(26009,26009,0,23,0,0,-1,0)
DispatchKey(26009,26009,1,23,0,0,-1,0)
DispatchKey(26011,26011,0,21,0,0,-1,0)
DispatchKey(26039,26039,1,21,0,0,-1,0)
DispatchKey(26041,26041,0,47,0,0,-1,0)
DispatchKey(26042,26042,1,47,0,0,-1,0)
DispatchPointer(26111,26111,0,710.0,703.0,0.0,0.0,0,1.0,1.0,0,0)
DispatchPointer(26111,26113,1,716.39966,696.53064,0.0,0.0,0,1.0,1.0,0,0)
GUIGen(3)
DispatchKey(30867,30867,0,20,0,0,-1,0)
DispatchKey(30869,30869,1,20,0,0,-1,0)
DispatchKey(30869,30869,0,164,0,0,-1,0)
DispatchKey(30870,30870,1,164,0,0,-1,0)
DispatchKey(30871,30871,0,82,0,0,-1,0)
DispatchKey(30871,30871,1,82,0,0,-1,0)
DispatchKey(30872,30872,0,63,0,0,-1,0)
DispatchKey(30878,30878,1,63,0,0,-1,0)
DispatchKey(30879,30879,0,23,0,0,-1,0)
DispatchKey(30879,30879,1,23,0,0,-1,0)
DispatchPointer(30880,30880,0,340.0,759.0,0.0,0.0,0,1.0,1.0,0,0)
DispatchPointer(30880,30881,1,340.07837,755.08344,0.0,0.0,0,1.0,1.0,0,0)
DispatchTrackball(-1,30881,2,-3.0,3.0,0.0,0.0,0,1.0,1.0,0,0)
DispatchTrackball(-1,30882,2,-3.0,-3.0,0.0,0.0,0,1.0,1.0,0,0)
DispatchTrackball(-1,30882,2,3.0,-5.0,0.0,0.0,0,1.0,1.0,0,0)
DispatchTrackball(-1,30883,2,1.0,-2.0,0.0,0.0,0,1.0,1.0,0,0)
DispatchTrackball(-1,30883,2,-1.0,3.0,0.0,0.0,0,1.0,1.0,0,0)
DispatchTrackball(-1,30883,2,3.0,2.0,0.0,0.0,0,1.0,1.0,0,0)
DispatchTrackball(-1,30883,2,0.0,3.0,0.0,0.0,0,1.0,1.0,0,0)
DispatchTrackball(-1,30884,2,-4.0,-4.0,0.0,0.0,0,1.0,1.0,0,0)
DispatchTrackball(-1,30885,2,0.0,1.0,0.0,0.0,0,1.0,1.0,0,0)
DispatchTrackball(-1,30885,2,0.0,-1.0,0.0,0.0,0,1.0,1.0,0,0)
DispatchPointer(30889,30889,0,38.0,1145.0,0.0,0.0,0,1.0,1.0,0,0)
DispatchPointer(30889,30891,2,42.067314,1148.0023,0.0,0.0,0,1.0,1.0,0,0)
DispatchPointer(30889,30893,2,51.77661,1164.8787,0.0,0.0,0,1.0,1.0,0,0)
DispatchPointer(30889,30895,2,60.44008,1169.5824,0.0,0.0,0,1.0,1.0,0,0)
DispatchPointer(30889,30896,2,60.725822,1170.906,0.0,0.0,0,1.0,1.0,0,0)
DispatchPointer(30889,30896,2,65.81811,1184.0,0.0,0.0,0,1.0,1.0,0,0)
DispatchPointer(30889,30896,2,68.84588,1184.0,0.0,0.0,0,1.0,1.0,0,0)
DispatchPointer(30889,30897,2,70.3108,1184.0,0.0,0.0,0,1.0,1.0,0,0)
DispatchPointer(30889,30897,2,75.824646,1184.0,0.0,0.0,0,1.0,1.0,0,0)
DispatchPointer(30889,30898,2,85.57599,1184.0,0.0,0.0,0,1.0,1.0,0,0)
DispatchPointer(30889,30898,1,91.065285,1184.0,0.0,0.0,0,1.0,1.0,0,0)
DispatchKey(30899,30899,0,22,0,0,-1,0)
DispatchKey(30923,30923,1,22,0,0,-1,0)
DispatchKey(30929,30929,0,20,0,0,-1,0)
DispatchKey(30929,30929,1,20,0,0,-1,0)
DispatchKey(30930,30930,0,23,0,0,-1,0)
DispatchKey(30931,30931,1,23,0,0,-1,0)
DispatchPointer(30933,30933,0,300.0,535.0,0.0,0.0,0,1.0,1.0,0,0)
DispatchPointer(30933,30937,1,287.9264,535.5788,0.0,0.0,0,1.0,1.0,0,0)
DispatchKey(30938,30938,0,121,0,0,-1,0)
DispatchKey(30940,30940,1,121,0,0,-1,0)
DispatchKey(30943,30943,0,19,0,0,-1,0)
DispatchKey(30948,30948,1,19,0,0,-1,0)
DispatchKey(30949,30949,0,150,0,0,-1,0)
DispatchKey(30950,30950,1,150,0,0,-1,0)
DispatchTrackball(-1,30951,2,1.0,-5.0,0.0,0.0,0,1.0,1.0,0,0)
DispatchTrackball(-1,30952,2,-4.0,0.0,0.0,0.0,0,1.0,1.0,0,0)
DispatchTrackball(-1,30953,2,4.0,1.0,0.0,0.0,0,1.0,1.0,0,0)
DispatchTrackball(-1,30954,2,-2.0,1.0,0.0,0.0,0,1.0,1.0,0,0)
DispatchTrackball(-1,30954,2,-5.0,0.0,0.0,0.0,0,1.0,1.0,0,0)
DispatchTrackball(-1,30954,2,4.0,1.0,0.0,0.0,0,1.0,1.0,0,0)
DispatchTrackball(-1,30957,2,-1.0,-2.0,0.0,0.0,0,1.0,1.0,0,0)
DispatchTrackball(-1,30957,2,-3.0,4.0,0.0,0.0,0,1.0,1.0,0,0)
DispatchTrackball(-1,30957,2,2.0,3.0,0.0,0.0,0,1.0,1.0,0,0)
DispatchTrackball(-1,30958,2,0.0,3.0,0.0,0.0,0,1.0,1.0,0,0)
DispatchKey(30958,30958,0,23,0,0,-1,0)
DispatchKey(30978,30978,1,23,0,0,-1,0)
DispatchPointer(30979,30979,0,425.0,321.0,0.0,0.0,0,1.0,1.0,0,0)
DispatchPointer(30979,30980,1,418.59915,323.6665,0.0,0.0,0,1.0,1.0,0,0)
DispatchKey(30981,30981,0,23,0,0,-1,0)
DispatchKey(30988,30988,1,23,0,0,-1,0)
DispatchKey(30989,30989,0,23,0,0,-1,0)
DispatchKey(31020,31020,1,23,0,0,-1,0)
DispatchKey(31021,31021,0,82,0,0,-1,0)
DispatchKey(31022,31022,1,82,0,0,-1,0)
DispatchPointer(31028,31028,0,343.0,1169.0,0.0,0.0,0,1.0,1.0,0,0)
DispatchPointer(31028,31029,1,343.44556,1166.0486,0.0,0.0,0,1.0,1.0,0,0)
DispatchPointer(31031,31031,0,437.0,61.0,0.0,0.0,0,1.0,1.0,0,0)
DispatchPointer(31031,31032,1,427.18265,67.00802,0.0,0.0,0,1.0,1.0,0,0)
DispatchPointer(31032,31032,0,65.0,263.0,0.0,0.0,0,1.0,1.0,0,0)
DispatchPointer(31032,31034,2,71.10887,248.80922,0.0,0.0,0,1.0,1.0,0,0)
DispatchKey(31036,31036,0,13,0,0,-1,0)
DispatchKey(31037,31037,1,13,0,0,-1,0)
DispatchPointer(32194,32194,0,731.0,736.0,0.0,0.0,0,1.0,1.0,0,0)
DispatchPointer(32194,32194,1,744.031,736.11475,0.0,0.0,0,1.0,1.0,0,0)
DispatchPointer(32195,32195,0,257.0,187.0,0.0,0.0,0,1.0,1.0,0,0)
DispatchPointer(32195,32196,1,266.6508,187.24101,0.0,0.0,0,1.0,1.0,0,0)
DispatchKey(32197,32197,0,22,0,0,-1,0)
DispatchKey(32198,32198,1,22,0,0,-1,0)
DispatchKey(32715,32715,0,21,0,0,-1,0)
DispatchKey(32717,32717,1,21,0,0,-1,0)
DispatchKey(32718,32718,0,194,0,0,-1,0)
DispatchKey(32719,32719,1,194,0,0,-1,0)
DispatchTrackball(-1,32720,2,-3.0,-3.0,0.0,0.0,0,1.0,1.0,0,0)
DispatchTrackball(-1,32721,2,3.0,1.0,0.0,0.0,0,1.0,1.0,0,0)
DispatchTrackball(-1,32721,2,3.0,0.0,0.0,0.0,0,1.0,1.0,0,0)
DispatchTrackball(-1,32722,2,-3.0,4.0,0.0,0.0,0,1.0,1.0,0,0)
DispatchTrackball(-1,32722,2,3.0,0.0,0.0,0.0,0,1.0,1.0,0,0)
DispatchTrackball(-1,32722,2,0.0,2.0,0.0,0.0,0,1.0,1.0,0,0)
DispatchTrackball(-1,32723,2,2.0,4.0,0.0,0.0,0,1.0,1.0,0,0)
DispatchTrackball(-1,32723,2,-2.0,3.0,0.0,0.0,0,1.0,1.0,0,0)
DispatchTrackball(-1,32724,2,-1.0,-2.0,0.0,0.0,0,1.0,1.0,0,0)
DispatchTrackball(-1,32724,2,3.0,-2.0,0.0,0.0,0,1.0,1.0,0,0)
DispatchTrackball(-1,32724,2,4.0,-5.0,0.0,0.0,0,1.0,1.0,0,0)
DispatchTrackball(-1,32725,2,-3.0,-4.0,0.0,0.0,0,1.0,1.0,0,0)
DispatchTrackball(-1,32725,2,1.0,-4.0,0.0,0.0,0,1.0,1.0,0,0)
DispatchTrackball(-1,32726,2,-1.0,-4.0,0.0,0.0,0,1.0,1.0,0,0)
DispatchTrackball(-1,32726,2,-3.0,-1.0,0.0,0.0,0,1.0,1.0,0,0)
DispatchTrackball(-1,32726,2,0.0,-2.0,0.0,0.0,0,1.0,1.0,0,0)
DispatchTrackball(-1,32727,2,-1.0,-2.0,0.0,0.0,0,1.0,1.0,0,0)
DispatchTrackball(-1,32727,2,2.0,-3.0,0.0,0.0,0,1.0,1.0,0,0)
DispatchTrackball(-1,32728,2,-1.0,-3.0,0.0,0.0,0,1.0,1.0,0,0)
DispatchTrackball(-1,32728,2,-2.0,2.0,0.0,0.0,0,1.0,1.0,0,0)
DispatchKey(32728,32728,0,21,0,0,-1,0)
DispatchKey(32745,32745,1,21,0,0,-1,0)
DispatchTrackball(-1,32750,2,3.0,-2.0,0.0,0.0,0,1.0,1.0,0,0)
DispatchTrackball(-1,32755,2,2.0,4.0,0.0,0.0,0,1.0,1.0,0,0)
DispatchTrackball(-1,32756,2,-2.0,-4.0,0.0,0.0,0,1.0,1.0,0,0)
DispatchTrackball(-1,32758,2,1.0,-1.0,0.0,0.0,0,1.0,1.0,0,0)
DispatchTrackball(-1,32758,2,4.0,-3.0,0.0,0.0,0,1.0,1.0,0,0)
DispatchTrackball(-1,32759,2,-2.0,3.0,0.0,0.0,0,1.0,1.0,0,0)
DispatchTrackball(-1,32760,2,1.0,-5.0,0.0,0.0,0,1.0,1.0,0,0)
DispatchTrackball(-1,32761,2,-4.0,1.0,0.0,0.0,0,1.0,1.0,0,0)
DispatchTrackball(-1,32761,2,3.0,-3.0,0.0,0.0,0,1.0,1.0,0,0)
DispatchTrackball(-1,32761,2,1.0,2.0,0.0,0.0,0,1.0,1.0,0,0)
DispatchTrackball(32750,32762,0,0.0,0.0,0.0,0.0,0,1.0,1.0,0,0)
DispatchTrackball(32750,32762,1,0.0,0.0,0.0,0.0,0,1.0,1.0,0,0)
DispatchKey(32763,32763,0,22,0,0,-1,0)
DispatchKey(32778,32778,1,22,0,0,-1,0)
LaunchActivity(a2dp.Vol,a2dp.Vol.main)
DispatchKey(32794,32794,0,19,0,0,-1,0)
DispatchKey(32795,32795,1,19,0,0,-1,0)
DispatchTrackball(-1,32821,2,-5.0,3.0,0.0,0.0,0,1.0,1.0,0,0)
DispatchTrackball(-1,32821,2,-5.0,2.0,0.0,0.0,0,1.0,1.0,0,0)
DispatchTrackball(-1,32821,2,2.0,-5.0,0.0,0.0,0,1.0,1.0,0,0)
DispatchTrackball(-1,32823,2,-4.0,-1.0,0.0,0.0,0,1.0,1.0,0,0)
DispatchTrackball(-1,32823,2,1.0,4.0,0.0,0.0,0,1.0,1.0,0,0)
DispatchTrackball(-1,32824,2,-2.0,-3.0,0.0,0.0,0,1.0,1.0,0,0)
DispatchTrackball(-1,32824,2,-3.0,0.0,0.0,0.0,0,1.0,1.0,0,0)
DispatchTrackball(-1,32824,2,4.0,-5.0,0.0,0.0,0,1.0,1.0,0,0)
DispatchTrackball(-1,32824,2,-2.0,-3.0,0.0,0.0,0,1.0,1.0,0,0)
DispatchTrackball(-1,32825,2,-2.0,2.0,0.0,0.0,0,1.0,1.0,0,0)
DispatchTrackball(-1,32825,2,4.0,2.0,0.0,0.0,0,1.0,1.0,0,0)
DispatchTrackball(-1,32826,2,-2.0,2.0,0.0,0.0,0,1.0,1.0,0,0)
DispatchTrackball(-1,32827,2,-2.0,2.0,0.0,0.0,0,1.0,1.0,0,0)
DispatchTrackball(-1,32828,2,1.0,-1.0,0.0,0.0,0,1.0,1.0,0,0)
DispatchTrackball(-1,32828,2,3.0,0.0,0.0,0.0,0,1.0,1.0,0,0)
DispatchTrackball(-1,32829,2,-2.0,1.0,0.0,0.0,0,1.0,1.0,0,0)
DispatchTrackball(-1,32829,2,3.0,3.0,0.0,0.0,0,1.0,1.0,0,0)
DispatchTrackball(-1,32829,2,4.0,-2.0,0.0,0.0,0,1.0,1.0,0,0)
DispatchTrackball(-1,32830,2,-2.0,-4.0,0.0,0.0,0,1.0,1.0,0,0)
DispatchTrackball(-1,32830,2,-4.0,4.0,0.0,0.0,0,1.0,1.0,0,0)
DispatchPointer(32830,32831,0,161.0,335.0,0.0,0.0,0,1.0,1.0,0,0)
DispatchPointer(32830,32832,2,180.67368,325.47137,0.0,0.0,0,1.0,1.0,0,0)
DispatchPointer(32830,32833,2,187.79457,305.5976,0.0,0.0,0,1.0,1.0,0,0)
DispatchPointer(32830,32834,2,194.23457,293.4575,0.0,0.0,0,1.0,1.0,0,0)
DispatchPointer(32830,32836,2,208.48741,288.6318,0.0,0.0,0,1.0,1.0,0,0)
DispatchPointer(32830,32837,2,218.51804,270.73938,0.0,0.0,0,1.0,1.0,0,0)
DispatchPointer(32830,32837,2,232.32747,270.68842,0.0,0.0,0,1.0,1.0,0,0)
DispatchPointer(32830,32838,2,243.66795,267.3308,0.0,0.0,0,1.0,1.0,0,0)
DispatchPointer(32830,32839,2,260.05396,262.35382,0.0,0.0,0,1.0,1.0,0,0)
DispatchPointer(32830,32839,2,277.03854,240.67905,0.0,0.0,0,1.0,1.0,0,0)
DispatchPointer(32830,32839,1,290.48663,224.63664,0.0,0.0,0,1.0,1.0,0,0)
DispatchTrackball(-1,32839,2,1.0,1.0,0.0,0.0,0,1.0,1.0,0,0)
DispatchTrackball(-1,32840,2,-2.0,-1.0,0.0,0.0,0,1.0,1.0,0,0)
DispatchTrackball(-1,32840,2,-5.0,0.0,0.0,0.0,0,1.0,1.0,0,0)
DispatchTrackball(-1,32841,2,2.0,-1.0,0.0,0.0,0,1.0,1.0,0,0)
DispatchTrackball(-1,32841,2,-1.0,0.0,0.0,0.0,0,1.0,1.0,0,0)
DispatchTrackball(-1,32841,2,-3.0,-5.0,0.0,0.0,0,1.0,1.0,0,0)
DispatchTrackball(-1,32841,2,1.0,0.0,0.0,0.0,0,1.0,1.0,0,0)
DispatchTrackball(-1,32849,2,-3.0,-5.0,0.0,0.0,0,1.0,1.0,0,0)
DispatchTrackball(-1,32852,2,0.0,-1.0,0.0,0.0,0,1.0,1.0,0,0)
DispatchTrackball(-1,32854,2,-1.0,-5.0,0.0,0.0,0,1.0,1.0,0,0)
DispatchTrackball(32839,32856,0,0.0,0.0,0.0,0.0,0,1.0,1.0,0,0)
DispatchTrackball(32839,32856,1,0.0,0.0,0.0,0.0,0,1.0,1.0,0,0)
DispatchPointer(32857,32857,0,537.0,1053.0,0.0,0.0,0,1.0,1.0,0,0)
DispatchPointer(32857,32859,2,535.1354,1054.5293,0.0,0.0,0,1.0,1.0,0,0)
DispatchPointer(32857,32861,2,521.92206,1059.0496,0.0,0.0,0,1.0,1.0,0,0)
DispatchPointer(32857,32861,2,501.6809,1063.0746,0.0,0.0,0,1.0,1.0,0,0)
DispatchPointer(32857,32862,2,495.64145,1066.8741,0.0,0.0,0,1.0,1.0,0,0)
DispatchPointer(32857,32862,1,478.14432,1067.3517,0.0,0.0,0,1.0,1.0,0,0)
DispatchKey(32862,32862,0,19,0,0,-1,0)
DispatchKey(32870,32870,1,19,0,0,-1,0)
DispatchKey(32872,32872,0,82,0,0,-1,0)
DispatchKey(32874,32874,1,82,0,0,-1,0)
DispatchPointer(35514,35514,0,151.0,593.0,0.0,0.0,0,1.0,1.0,0,0)
DispatchPointer(35514,35516,1,155.32716,593.26746,0.0,0.0,0,1.0,1.0,0,0)
DispatchKey(35520,35520,0,82,0,0,-1,0)
DispatchKey(35522,35522,1,82,0,0,-1,0)
DispatchKey(35524,35524,0,19,0,0,-1,0)
DispatchKey(35524,35524,1,19,0,0,-1,0)
DispatchFlip(false)
DispatchPointer(35571,35571,0,260.0,737.0,0.0,0.0,0,1.0,1.0,0,0)
DispatchPointer(35571,35572,261,242.07504,733.458,0.0,0.0,0,1.0,1.0,0,0)
DispatchPointer(35571,35572,2,237.39967,729.3972,0.0,0.0,0,1.0,1.0,0,0)
DispatchPointer(35571,35573,2,218.1276,728.12695,0.0,0.0,0,1.0,1.0,0,0)
DispatchPointer(35571,35574,2,216.20161,726.3397,0.0,0.0,0,1.0,1.0,0,0)
DispatchPointer(35571,35575,2,194.04144,724.11035,0.0,0.0,0,1.0,1.0,0,0)
DispatchPointer(35571,35575,262,186.51498,723.76434,0.0,0.0,0,1.0,1.0,0,0)
DispatchPointer(35571,35576,1,175.95062,722.40704,0.0,0.0,0,1.0,1.0,0,0)
DispatchPointer(35577,35577,0,510.0,1071.0,0.0,0.0,0,1.0,1.0,0,0)
DispatchPointer(35577,35578,261,502.9772,1081.9703,0.0,0.0,0,1.0,1.0,0,0)
DispatchPointer(35577,35578,2,499.0539,1096.7783,0.0,0.0,0,1.0,1.0,0,0)
DispatchPointer(35577,35580,262,491.9189,1109.9365,0.0,0.0,0,1.0,1.0,0,0)
DispatchPointer(35577,35582,1,489.87097,1115.2057,0.0,0.0,0,1.0,1.0,0,0)
DispatchKey(35587,35587,0,23,0,0,-1,0)
DispatchKey(35588,35588,1,23,0,0,-1,0)
DispatchKey(35589,35589,0,21,0,0,-1,0)
DispatchKey(35589,35589,1,21,0,0,-1,0)
DispatchKey(35590,35590,0,20,0,0,-1,0)
DispatchKey(35591,35591,1,20,0,0,-1,0)
DispatchKey(35592,35592,0,20,0,0,-1,0)
DispatchKey(35592,35592,1,20,0,0,-1,0)
DispatchKey(35593,35593,0,21,0,0,-1,0)
DispatchKey(35594,35594,1,21,0,0,-1,0)
DispatchKey(36129,36129,0,82,0,0,-1,0)
DispatchKey(36132,36132,1,82,0,0,-1,0)
DispatchPointer(36132,36132,0,543.0,547.0,0.0,0.0,0,1.0,1.0,0,0)
DispatchPointer(36132,36133,1,533.86804,551.8217,0.0,0.0,0,1.0,1.0,0,0)
DispatchKey(36133,36133,0,48,0,0,-1,0)
DispatchKey(36137,36137,1,48,0,0,-1,0)
DispatchKey(36141,36141,0,19,0,0,-1,0)
DispatchKey(36142,36142,1,19,0,0,-1,0)
DispatchPointer(36143,36143,0,762.0,39.0,0.0,0.0,0,1.0,1.0,0,0)
DispatchPointer(36143,36144,1,757.2201,40.328926,0.0,0.0,0,1.0,1.0,0,0)
DispatchKey(36145,36145,0,23,0,0,-1,0)
DispatchKey(36150,36150,1,23,0,0,-1,0)
DispatchKey(36152,36152,0,22,0,0,-1,0)
DispatchKey(36184,36184,1,22,0,0,-1,0)
DispatchKey(36240,36240,0,22,0,0,-1,0)
DispatchKey(36254,36254,1,22,0,0,-1,0)
DispatchKey(36256,36256,0,19,0,0,-1,0)
DispatchKey(36262,36262,1,19,0,0,-1,0)
DispatchKey(36271,36271,0,21,0,0,-1,0)
DispatchKey(36275,36275,1,21,0,0,-1,0)
DispatchPointer(36284,36284,0,38.0,183.0,0.0,0.0,0,1.0,1.0,0,0)
DispatchPointer(36284,36285,1,15.441471,180.19455,0.0,0.0,0,1.0,1.0,0,0)
DispatchKey(36285,36285,0,82,0,0,-1,0)
DispatchKey(36307,36307,1,82,0,0,-1,0)
DispatchPointer(36308,36308,0,663.0,46.0,0.0,0.0,0,1.0,1.0,0,0)
DispatchPointer(36308,36309,1,663.27155,34.635193,0.0,0.0,0,1.0,1.0,0,0)
DispatchTrackball(-1,36311,2,-3.0,-3.0,0.0,0.0,0,1.0,1.0,0,0)
DispatchTrackball(-1,36311,2,4.0,1.0,0.0,0.0,0,1.0,1.0,0,0)
DispatchTrackball(-1,36312,2,4.0,0.0,0.0,0.0,0,1.0,1.0,0,0)
DispatchTrackball(-1,36312,2,-4.0,0.0,0.0,0.0,0,1.0,1.0,0,0)
DispatchTrackball(-1,36312,2,-1.0,2.0,0.0,0.0,0,1.0,1.0,0,0)
DispatchTrackball(-1,36312,2,3.0,-2.0,0.0,0.0,0,1.0,1.0,0,0)
DispatchTrackball(-1,36312,2,4.0,-2.0,0.0,0.0,0,1.0,1.0,0,0)
DispatchTrackball(-1,36313,2,0.0,-1.0,0.0,0.0,0,1.0,1.0,0,0)
DispatchTrackball(-1,36313,2,-2.0,3.0,0.0,0.0,0,1.0,1.0,0,0)
DispatchTrackball(-1,36313,2,1.0,-4.0,0.0,0.0,0,1.0,1.0,0,0)
DispatchPointer(36314,36314,0,254.0,272.0,0.0,0.0,0,1.0,1.0,0,0)
DispatchPointer(36314,36317,1,252.11699,273.5595,0.0,0.0,0,1.0,1.0,0,0)
DispatchPointer(36318,36318,0,13.0,107.0,0.0,0.0,0,1.0,1.0,0,0)
DispatchPointer(36318,36320,1,12.985686,105.960815,0.0,0.0,0,1.0,1.0,0,0)
LaunchActivity(a2dp.Vol,a2dp.Vol.main)
DispatchKey(36334,36334,0,164,0,0,-1,0)
DispatchKey(36349,36349,1,164,0,0,-1,0)
DispatchTrackball(-1,36351,2,-3.0,2.0,0.0,0.0,0,1.0,1.0,0,0)
DispatchTrackball(-1,36353,2,1.0,3.0,0.0,0.0,0,1.0,1.0,0,0)
DispatchTrackball(-1,36354,2,-1.0,-5.0,0.0,0.0,0,1.0,1.0,0,0)
DispatchTrackball(-1,36355,2,-3.0,2.0,0.0,0.0,0,1.0,1.0,0,0)
DispatchTrackball(-1,36355,2,2.0,3.0,0.0,0.0,0,1.0,1.0,0,0)
DispatchTrackball(-1,36356,2,-1.0,-3.0,0.0,0.0,0,1.0,1.0,0,0)
DispatchTrackball(-1,36357,2,-3.0,2.0,0.0,0.0,0,1.0,1.0,0,0)
DispatchTrackball(-1,36357,2,-1.0,-1.0,0.0,0.0,0,1.0,1.0,0,0)
DispatchTrackball(-1,36358,2,2.0,-2.0,0.0,0.0,0,1.0,1.0,0,0)
DispatchTrackball(-1,36358,2,-3.0,-1.0,0.0,0.0,0,1.0,1.0,0,0)
DispatchTrackball(36351,36358,0,0.0,0.0,0.0,0.0,0,1.0,1.0,0,0)
DispatchTrackball(36351,36359,1,0.0,0.0,0.0,0.0,0,1.0,1.0,0,0)
DispatchKey(36360,36360,0,23,0,0,-1,0)
DispatchKey(36376,36376,1,23,0,0,-1,0)
DispatchPointer(36702,36702,0,363.0,430.0,0.0,0.0,0,1.0,1.0,0,0)
DispatchPointer(36702,36703,2,357.52502,429.4553,0.0,0.0,0,1.0,1.0,0,0)
DispatchPointer(36702,36704,2,346.2137,429.07684,0.0,0.0,0,1.0,1.0,0,0)
DispatchPointer(36702,36704,2,332.87915,428.5072,0.0,0.0,0,1.0,1.0,0,0)
DispatchPointer(36702,36704,2,316.6853,428.0377,0.0,0.0,0,1.0,1.0,0,0)
DispatchPointer(36702,36705,2,301.9269,427.6534,0.0,0.0,0,1.0,1.0,0,0)
DispatchPointer(36702,36705,2,300.11273,427.18674,0.0,0.0,0,1.0,1.0,0,0)
DispatchPointer(36702,36705,1,294.5297,427.08356,0.0,0.0,0,1.0,1.0,0,0)
GUIGen(9)
DispatchKey(47118,47118,0,20,0,0,-1,0)
DispatchKey(47119,47119,1,20,0,0,-1,0)
DispatchKey(47144,47144,0,20,0,0,-1,0)
DispatchKey(47145,47145,1,20,0,0,-1,0)
DispatchKey(47149,47149,0,20,0,0,-1,0)
DispatchKey(47150,47150,1,20,0,0,-1,0)
DispatchKey(47179,47179,0,23,0,0,-1,0)
DispatchKey(47179,47179,1,23,0,0,-1,0)
DispatchKey(47200,47200,0,178,0,0,-1,0)
DispatchKey(47221,47221,1,178,0,0,-1,0)
DispatchKey(47232,47232,0,21,0,0,-1,0)
DispatchKey(47232,47232,1,21,0,0,-1,0)
DispatchKey(47234,47234,0,20,0,0,-1,0)
DispatchKey(47252,47252,1,20,0,0,-1,0)
DispatchKey(47257,47257,0,82,0,0,-1,0)
DispatchKey(47259,47259,1,82,0,0,-1,0)
DispatchKey(47902,47902,0,21,0,0,-1,0)
DispatchKey(47905,47905,1,21,0,0,-1,0)
DispatchKey(47906,47906,0,82,0,0,-1,0)
DispatchKey(47907,47907,1,82,0,0,-1,0)
DispatchKey(47911,47911,0,174,0,0,-1,0)
DispatchKey(47912,47912,1,174,0,0,-1,0)
DispatchKey(47912,47912,0,186,0,0,-1,0)
DispatchKey(47913,47913,1,186,0,0,-1,0)
DispatchKey(47914,47914,0,19,0,0,-1,0)
DispatchKey(47914,47914,1,19,0,0,-1,0)
DispatchKey(47915,47915,0,21,0,0,-1,0)
DispatchKey(47915,47915,1,21,0,0,-1,0)
DispatchPointer(47916,47916,0,134.0,829.0,0.0,0.0,0,1.0,1.0,0,0)
DispatchPointer(47916,47918,1,147.03969,829.4239,0.0,0.0,0,1.0,1.0,0,0)
DispatchKey(47919,47919,0,21,0,0,-1,0)
