type= raw events
count= -1
speed= 1.0
start data >>
LaunchActivity(a2dp.Vol,a2dp.Vol.main)
DispatchKey(165195,165195,0,21,0,0,-1,0)
DispatchKey(165438,165438,1,21,0,0,-1,0)
DispatchPointer(165442,165442,0,550.0,81.0,0.0,0.0,0,1.0,1.0,0,0)
DispatchPointer(165442,165442,1,564.9802,78.409256,0.0,0.0,0,1.0,1.0,0,0)
DispatchKey(165443,165443,0,95,0,0,-1,0)
DispatchKey(165446,165446,1,95,0,0,-1,0)
DispatchKey(165473,165473,0,23,0,0,-1,0)
DispatchKey(165475,165475,1,23,0,0,-1,0)
DispatchTrackball(-1,165476,2,3.0,4.0,0.0,0.0,0,1.0,1.0,0,0)
DispatchTrackball(-1,165476,2,0.0,-5.0,0.0,0.0,0,1.0,1.0,0,0)
DispatchTrackball(-1,165477,2,-5.0,3.0,0.0,0.0,0,1.0,1.0,0,0)
DispatchTrackball(-1,165477,2,-1.0,-2.0,0.0,0.0,0,1.0,1.0,0,0)
DispatchTrackball(-1,165477,2,-1.0,-3.0,0.0,0.0,0,1.0,1.0,0,0)
DispatchTrackball(-1,165478,2,-1.0,-1.0,0.0,0.0,0,1.0,1.0,0,0)
DispatchTrackball(-1,165478,2,-3.0,-3.0,0.0,0.0,0,1.0,1.0,0,0)
DispatchTrackball(-1,165478,2,-4.0,-1.0,0.0,0.0,0,1.0,1.0,0,0)
DispatchTrackball(-1,165479,2,0.0,3.0,0.0,0.0,0,1.0,1.0,0,0)
DispatchTrackball(-1,165479,2,3.0,-5.0,0.0,0.0,0,1.0,1.0,0,0)
DispatchKey(165480,165480,0,19,0,0,-1,0)
DispatchKey(165572,165572,1,19,0,0,-1,0)
DispatchTrackball(-1,165583,2,-3.0,-3.0,0.0,0.0,0,1.0,1.0,0,0)
DispatchTrackball(-1,165584,2,-3.0,4.0,0.0,0.0,0,1.0,1.0,0,0)
DispatchTrackball(-1,165585,2,4.0,-2.0,0.0,0.0,0,1.0,1.0,0,0)
DispatchTrackball(-1,165588,2,4.0,2.0,0.0,0.0,0,1.0,1.0,0,0)
DispatchTrackball(-1,165588,2,3.0,4.0,0.0,0.0,0,1.0,1.0,0,0)
DispatchTrackball(-1,165588,2,-5.0,4.0,0.0,0.0,0,1.0,1.0,0,0)
DispatchTrackball(-1,165598,2,-2.0,0.0,0.0,0.0,0,1.0,1.0,0,0)
DispatchTrackball(-1,165599,2,1.0,-1.0,0.0,0.0,0,1.0,1.0,0,0)
DispatchTrackball(-1,165599,2,4.0,-4.0,0.0,0.0,0,1.0,1.0,0,0)
DispatchTrackball(-1,165600,2,-5.0,-2.0,0.0,0.0,0,1.0,1.0,0,0)
DispatchTrackball(-1,165601,2,0.0,-1.0,0.0,0.0,0,1.0,1.0,0,0)
DispatchTrackball(-1,165601,2,0.0,-5.0,0.0,0.0,0,1.0,1.0,0,0)
DispatchTrackball(-1,165602,2,-2.0,-2.0,0.0,0.0,0,1.0,1.0,0,0)
DispatchTrackball(-1,165606,2,0.0,-4.0,0.0,0.0,0,1.0,1.0,0,0)
DispatchTrackball(-1,165607,2,-5.0,4.0,0.0,0.0,0,1.0,1.0,0,0)
DispatchTrackball(-1,165610,2,1.0,-5.0,0.0,0.0,0,1.0,1.0,0,0)
DispatchTrackball(-1,165612,2,-3.0,3.0,0.0,0.0,0,1.0,1.0,0,0)
DispatchTrackball(-1,165613,2,4.0,-1.0,0.0,0.0,0,1.0,1.0,0,0)
DispatchTrackball(-1,165613,2,-3.0,3.0,0.0,0.0,0,1.0,1.0,0,0)
DispatchTrackball(-1,165614,2,1.0,3.0,0.0,0.0,0,1.0,1.0,0,0)
DispatchKey(165616,165616,0,20,0,0,-1,0)
DispatchKey(165640,165640,1,20,0,0,-1,0)
DispatchKey(165650,165650,0,21,0,0,-1,0)
DispatchKey(165674,165674,1,21,0,0,-1,0)
DispatchTrackball(-1,165764,2,0.0,1.0,0.0,0.0,0,1.0,1.0,0,0)
DispatchTrackball(-1,165767,2,2.0,2.0,0.0,0.0,0,1.0,1.0,0,0)
DispatchTrackball(-1,165769,2,4.0,0.0,0.0,0.0,0,1.0,1.0,0,0)
DispatchTrackball(-1,165770,2,3.0,4.0,0.0,0.0,0,1.0,1.0,0,0)
DispatchTrackball(-1,165770,2,-1.0,3.0,0.0,0.0,0,1.0,1.0,0,0)
DispatchTrackball(-1,165771,2,1.0,-4.0,0.0,0.0,0,1.0,1.0,0,0)
DispatchTrackball(-1,165771,2,-4.0,3.0,0.0,0.0,0,1.0,1.0,0,0)
DispatchTrackball(-1,165771,2,2.0,3.0,0.0,0.0,0,1.0,1.0,0,0)
DispatchTrackball(-1,165771,2,4.0,-1.0,0.0,0.0,0,1.0,1.0,0,0)
DispatchTrackball(-1,165771,2,-5.0,0.0,0.0,0.0,0,1.0,1.0,0,0)
DispatchKey(165772,165772,0,131,0,0,-1,0)
DispatchKey(165873,165873,1,131,0,0,-1,0)
DispatchTrackball(-1,165874,2,1.0,2.0,0.0,0.0,0,1.0,1.0,0,0)
DispatchTrackball(-1,165874,2,-2.0,-2.0,0.0,0.0,0,1.0,1.0,0,0)
DispatchTrackball(-1,165875,2,-2.0,-5.0,0.0,0.0,0,1.0,1.0,0,0)
DispatchTrackball(-1,165875,2,-1.0,-5.0,0.0,0.0,0,1.0,1.0,0,0)
DispatchTrackball(-1,165876,2,-3.0,-5.0,0.0,0.0,0,1.0,1.0,0,0)
DispatchTrackball(-1,165877,2,1.0,3.0,0.0,0.0,0,1.0,1.0,0,0)
DispatchTrackball(-1,165878,2,-2.0,1.0,0.0,0.0,0,1.0,1.0,0,0)
DispatchTrackball(-1,165878,2,0.0,-1.0,0.0,0.0,0,1.0,1.0,0,0)
DispatchTrackball(-1,165879,2,-2.0,-1.0,0.0,0.0,0,1.0,1.0,0,0)
DispatchTrackball(-1,165880,2,0.0,-3.0,0.0,0.0,0,1.0,1.0,0,0)
DispatchKey(165881,165881,0,88,0,0,-1,0)
DispatchKey(165936,165936,1,88,0,0,-1,0)
DispatchPointer(166055,166055,0,433.0,1126.0,0.0,0.0,0,1.0,1.0,0,0)
DispatchPointer(166055,166056,1,422.10965,1121.8519,0.0,0.0,0,1.0,1.0,0,0)
DispatchKey(166058,166058,0,21,0,0,-1,0)
DispatchKey(166058,166058,1,21,0,0,-1,0)
DispatchKey(166060,166060,0,20,0,0,-1,0)
DispatchKey(166064,166064,1,20,0,0,-1,0)
DispatchPointer(166068,166068,0,566.0,1069.0,0.0,0.0,0,1.0,1.0,0,0)
DispatchPointer(166068,166069,1,579.359,1057.0358,0.0,0.0,0,1.0,1.0,0,0)
DispatchKey(166071,166071,0,209,0,0,-1,0)
DispatchKey(166073,166073,1,209,0,0,-1,0)
DispatchPointer(166097,166097,0,636.0,473.0,0.0,0.0,0,1.0,1.0,0,0)
DispatchPointer(166097,166099,1,637.8276,464.64185,0.0,0.0,0,1.0,1.0,0,0)
DispatchTrackball(-1,166104,2,-4.0,1.0,0.0,0.0,0,1.0,1.0,0,0)
DispatchTrackball(-1,166111,2,1.0,1.0,0.0,0.0,0,1.0,1.0,0,0)
DispatchTrackball(-1,166112,2,-5.0,2.0,0.0,0.0,0,1.0,1.0,0,0)
DispatchTrackball(-1,166113,2,1.0,-5.0,0.0,0.0,0,1.0,1.0,0,0)
DispatchTrackball(-1,166114,2,-5.0,1.0,0.0,0.0,0,1.0,1.0,0,0)
DispatchTrackball(-1,166115,2,4.0,-4.0,0.0,0.0,0,1.0,1.0,0,0)
DispatchTrackball(-1,166115,2,0.0,-3.0,0.0,0.0,0,1.0,1.0,0,0)
DispatchTrackball(-1,166115,2,1.0,0.0,0.0,0.0,0,1.0,1.0,0,0)
DispatchTrackball(-1,166115,2,0.0,0.0,0.0,0.0,0,1.0,1.0,0,0)
DispatchTrackball(-1,166116,2,0.0,-5.0,0.0,0.0,0,1.0,1.0,0,0)
DispatchKey(166116,166116,0,22,0,0,-1,0)
DispatchKey(166146,166146,1,22,0,0,-1,0)
DispatchKey(166150,166150,0,22,0,0,-1,0)
DispatchKey(166150,166150,1,22,0,0,-1,0)
DispatchPointer(166164,166164,0,304.0,913.0,0.0,0.0,0,1.0,1.0,0,0)
DispatchPointer(166164,166166,2,310.5206,917.29297,0.0,0.0,0,1.0,1.0,0,0)
DispatchPointer(166164,166168,2,315.04657,922.79974,0.0,0.0,0,1.0,1.0,0,0)
DispatchPointer(166164,166169,2,319.08115,928.7563,0.0,0.0,0,1.0,1.0,0,0)
DispatchPointer(166164,166175,2,323.4653,932.59717,0.0,0.0,0,1.0,1.0,0,0)
DispatchPointer(166164,166179,2,326.52982,936.75757,0.0,0.0,0,1.0,1.0,0,0)
DispatchPointer(166164,166180,2,332.14944,939.6255,0.0,0.0,0,1.0,1.0,0,0)
DispatchPointer(166164,166180,2,332.74228,943.58765,0.0,0.0,0,1.0,1.0,0,0)
DispatchPointer(166164,166181,2,334.75067,948.4906,0.0,0.0,0,1.0,1.0,0,0)
DispatchPointer(166164,166181,2,339.60312,953.9125,0.0,0.0,0,1.0,1.0,0,0)
DispatchPointer(166164,166182,1,345.101,958.28894,0.0,0.0,0,1.0,1.0,0,0)
DispatchKey(166188,166188,0,82,0,0,-1,0)
DispatchKey(166196,166196,1,82,0,0,-1,0)
DispatchKey(166198,166198,0,19,0,0,-1,0)
DispatchKey(166208,166208,1,19,0,0,-1,0)
DispatchKey(166209,166209,0,20,0,0,-1,0)
DispatchKey(166210,166210,1,20,0,0,-1,0)
DispatchKey(166211,166211,0,21,0,0,-1,0)
DispatchKey(166216,166216,1,21,0,0,-1,0)
DispatchTrackball(-1,166219,2,-5.0,4.0,0.0,0.0,0,1.0,1.0,0,0)
DispatchTrackball(-1,166219,2,-5.0,-5.0,0.0,0.0,0,1.0,1.0,0,0)
DispatchTrackball(-1,166219,2,3.0,-2.0,0.0,0.0,0,1.0,1.0,0,0)
DispatchTrackball(-1,166220,2,-4.0,1.0,0.0,0.0,0,1.0,1.0,0,0)
DispatchTrackball(-1,166220,2,-3.0,-4.0,0.0,0.0,0,1.0,1.0,0,0)
DispatchTrackball(-1,166221,2,-1.0,-3.0,0.0,0.0,0,1.0,1.0,0,0)
DispatchTrackball(-1,166221,2,-3.0,-5.0,0.0,0.0,0,1.0,1.0,0,0)
DispatchTrackball(-1,166221,2,-4.0,-4.0,0.0,0.0,0,1.0,1.0,0,0)
DispatchTrackball(-1,166222,2,-1.0,-5.0,0.0,0.0,0,1.0,1.0,0,0)
DispatchTrackball(-1,166222,2,-3.0,-5.0,0.0,0.0,0,1.0,1.0,0,0)
DispatchPointer(166222,166222,0,265.0,730.0,0.0,0.0,0,1.0,1.0,0,0)
DispatchPointer(166222,166222,1,263.9337,721.51373,0.0,0.0,0,1.0,1.0,0,0)
DispatchTrackball(-1,166223,2,0.0,1.0,0.0,0.0,0,1.0,1.0,0,0)
DispatchTrackball(-1,166223,2,0.0,-3.0,0.0,0.0,0,1.0,1.0,0,0)
DispatchTrackball(-1,166223,2,0.0,1.0,0.0,0.0,0,1.0,1.0,0,0)
DispatchTrackball(-1,166223,2,-1.0,-4.0,0.0,0.0,0,1.0,1.0,0,0)
DispatchTrackball(-1,166224,2,2.0,2.0,0.0,0.0,0,1.0,1.0,0,0)
DispatchTrackball(-1,166224,2,3.0,-4.0,0.0,0.0,0,1.0,1.0,0,0)
DispatchTrackball(-1,166232,2,-4.0,3.0,0.0,0.0,0,1.0,1.0,0,0)
DispatchTrackball(-1,166232,2,-2.0,-5.0,0.0,0.0,0,1.0,1.0,0,0)
DispatchTrackball(-1,166232,2,-4.0,-2.0,0.0,0.0,0,1.0,1.0,0,0)
DispatchTrackball(-1,166232,2,-2.0,3.0,0.0,0.0,0,1.0,1.0,0,0)
DispatchKey(166233,166233,0,23,0,0,-1,0)
DispatchKey(166276,166276,1,23,0,0,-1,0)
DispatchPointer(166279,166279,0,376.0,165.0,0.0,0.0,0,1.0,1.0,0,0)
DispatchPointer(166279,166281,1,369.6787,161.45578,0.0,0.0,0,1.0,1.0,0,0)
DispatchKey(166282,166282,0,21,0,0,-1,0)
DispatchKey(166368,166368,1,21,0,0,-1,0)
DispatchKey(166374,166374,0,20,0,0,-1,0)
DispatchKey(166395,166395,1,20,0,0,-1,0)
DispatchTrackball(-1,166402,2,-1.0,3.0,0.0,0.0,0,1.0,1.0,0,0)
DispatchTrackball(-1,166407,2,3.0,3.0,0.0,0.0,0,1.0,1.0,0,0)
DispatchTrackball(-1,166407,2,2.0,3.0,0.0,0.0,0,1.0,1.0,0,0)
DispatchTrackball(-1,166408,2,-4.0,-5.0,0.0,0.0,0,1.0,1.0,0,0)
DispatchTrackball(-1,166408,2,-2.0,-3.0,0.0,0.0,0,1.0,1.0,0,0)
DispatchTrackball(-1,166409,2,-1.0,-1.0,0.0,0.0,0,1.0,1.0,0,0)
DispatchTrackball(-1,166411,2,-4.0,-1.0,0.0,0.0,0,1.0,1.0,0,0)
DispatchTrackball(-1,166412,2,1.0,-3.0,0.0,0.0,0,1.0,1.0,0,0)
DispatchTrackball(-1,166413,2,3.0,-2.0,0.0,0.0,0,1.0,1.0,0,0)
DispatchTrackball(-1,166426,2,1.0,0.0,0.0,0.0,0,1.0,1.0,0,0)
DispatchKey(166427,166427,0,4,0,0,-1,0)
DispatchKey(166484,166484,1,4,0,0,-1,0)
DispatchKey(166485,166485,0,23,0,0,-1,0)
DispatchKey(166608,166608,1,23,0,0,-1,0)
DispatchPointer(166611,166611,0,45.0,180.0,0.0,0.0,0,1.0,1.0,0,0)
DispatchPointer(166611,166612,1,44.948933,161.02698,0.0,0.0,0,1.0,1.0,0,0)
DispatchKey(166614,166614,0,82,0,0,-1,0)
DispatchKey(166614,166614,1,82,0,0,-1,0)
DispatchKey(166615,166615,0,4,0,0,-1,0)
DispatchKey(166618,166618,1,4,0,0,-1,0)
DispatchKey(166629,166629,0,21,0,0,-1,0)
DispatchKey(166631,166631,1,21,0,0,-1,0)
DispatchPointer(166706,166706,0,56.0,230.0,0.0,0.0,0,1.0,1.0,0,0)
DispatchPointer(166706,166709,1,53.363476,242.31566,0.0,0.0,0,1.0,1.0,0,0)
DispatchTrackball(-1,166715,2,-4.0,1.0,0.0,0.0,0,1.0,1.0,0,0)
DispatchTrackball(-1,166723,2,1.0,-4.0,0.0,0.0,0,1.0,1.0,0,0)
DispatchTrackball(-1,166728,2,4.0,-5.0,0.0,0.0,0,1.0,1.0,0,0)
DispatchTrackball(-1,166730,2,-4.0,-4.0,0.0,0.0,0,1.0,1.0,0,0)
DispatchTrackball(-1,166731,2,-5.0,3.0,0.0,0.0,0,1.0,1.0,0,0)
DispatchTrackball(-1,166744,2,2.0,0.0,0.0,0.0,0,1.0,1.0,0,0)
DispatchTrackball(-1,166746,2,-5.0,-5.0,0.0,0.0,0,1.0,1.0,0,0)
DispatchTrackball(-1,166747,2,-1.0,2.0,0.0,0.0,0,1.0,1.0,0,0)
DispatchTrackball(-1,166747,2,1.0,3.0,0.0,0.0,0,1.0,1.0,0,0)
DispatchTrackball(-1,166757,2,-4.0,4.0,0.0,0.0,0,1.0,1.0,0,0)
DispatchKey(166763,166763,0,22,0,0,-1,0)
DispatchKey(166984,166984,1,22,0,0,-1,0)
DispatchKey(166990,166990,0,82,0,0,-1,0)
DispatchKey(166990,166990,1,82,0,0,-1,0)
LaunchActivity(a2dp.Vol,a2dp.Vol.main)
DispatchTrackball(-1,167009,2,-5.0,4.0,0.0,0.0,0,1.0,1.0,0,0)
DispatchTrackball(-1,167010,2,1.0,-4.0,0.0,0.0,0,1.0,1.0,0,0)
DispatchTrackball(-1,167011,2,-5.0,0.0,0.0,0.0,0,1.0,1.0,0,0)
DispatchTrackball(-1,167012,2,2.0,4.0,0.0,0.0,0,1.0,1.0,0,0)
DispatchTrackball(-1,167013,2,-1.0,2.0,0.0,0.0,0,1.0,1.0,0,0)
DispatchTrackball(-1,167013,2,2.0,4.0,0.0,0.0,0,1.0,1.0,0,0)
DispatchTrackball(-1,167014,2,1.0,-4.0,0.0,0.0,0,1.0,1.0,0,0)
DispatchTrackball(-1,167014,2,-5.0,-5.0,0.0,0.0,0,1.0,1.0,0,0)
DispatchTrackball(-1,167015,2,2.0,1.0,0.0,0.0,0,1.0,1.0,0,0)
DispatchTrackball(-1,167015,2,-3.0,0.0,0.0,0.0,0,1.0,1.0,0,0)
DispatchPointer(167015,167015,0,31.0,673.0,0.0,0.0,0,1.0,1.0,0,0)
DispatchPointer(167015,167016,1,32.880383,672.66583,0.0,0.0,0,1.0,1.0,0,0)
DispatchPointer(167022,167022,0,556.0,413.0,0.0,0.0,0,1.0,1.0,0,0)
DispatchPointer(167022,167023,1,554.2185,420.11783,0.0,0.0,0,1.0,1.0,0,0)
DispatchPointer(167024,167024,0,344.0,181.0,0.0,0.0,0,1.0,1.0,0,0)
DispatchPointer(167024,167024,1,343.95038,168.22313,0.0,0.0,0,1.0,1.0,0,0)
GUIGen(6)
DispatchKey(175841,175841,0,23,0,0,-1,0)
DispatchKey(175842,175842,1,23,0,0,-1,0)
DispatchTrackball(-1,175843,2,-2.0,-3.0,0.0,0.0,0,1.0,1.0,0,0)
DispatchTrackball(-1,175844,2,2.0,4.0,0.0,0.0,0,1.0,1.0,0,0)
DispatchTrackball(-1,175846,2,4.0,-2.0,0.0,0.0,0,1.0,1.0,0,0)
DispatchTrackball(-1,175846,2,-2.0,-4.0,0.0,0.0,0,1.0,1.0,0,0)
DispatchTrackball(-1,175847,2,2.0,4.0,0.0,0.0,0,1.0,1.0,0,0)
DispatchTrackball(-1,175848,2,2.0,-1.0,0.0,0.0,0,1.0,1.0,0,0)
DispatchTrackball(-1,175849,2,-2.0,1.0,0.0,0.0,0,1.0,1.0,0,0)
DispatchTrackball(-1,175849,2,1.0,0.0,0.0,0.0,0,1.0,1.0,0,0)
DispatchTrackball(-1,175849,2,1.0,-2.0,0.0,0.0,0,1.0,1.0,0,0)
DispatchTrackball(-1,175851,2,-4.0,2.0,0.0,0.0,0,1.0,1.0,0,0)
DispatchKey(175854,175854,0,20,0,0,-1,0)
DispatchKey(175886,175886,1,20,0,0,-1,0)
DispatchKey(175933,175933,0,21,0,0,-1,0)
DispatchKey(175959,175959,1,21,0,0,-1,0)
DispatchPointer(175974,175974,0,22.0,138.0,0.0,0.0,0,1.0,1.0,0,0)
DispatchPointer(175974,175976,1,24.121809,147.4634,0.0,0.0,0,1.0,1.0,0,0)
DispatchKey(175978,175978,0,21,0,0,-1,0)
DispatchKey(176008,176008,1,21,0,0,-1,0)
DispatchPointer(176062,176062,0,542.0,987.0,0.0,0.0,0,1.0,1.0,0,0)
DispatchPointer(176062,176065,1,535.5477,1002.0644,0.0,0.0,0,1.0,1.0,0,0)
DispatchPointer(176075,176075,0,599.0,112.0,0.0,0.0,0,1.0,1.0,0,0)
DispatchPointer(176075,176098,2,598.88684,118.707115,0.0,0.0,0,1.0,1.0,0,0)
DispatchPointer(176075,176102,1,581.02185,126.07891,0.0,0.0,0,1.0,1.0,0,0)
DispatchKey(176105,176105,0,21,0,0,-1,0)
DispatchKey(176110,176110,1,21,0,0,-1,0)
DispatchKey(176121,176121,0,19,0,0,-1,0)
DispatchKey(176123,176123,1,19,0,0,-1,0)
DispatchKey(176127,176127,0,186,0,0,-1,0)
DispatchKey(176128,176128,1,186,0,0,-1,0)
DispatchPointer(176130,176130,0,267.0,913.0,0.0,0.0,0,1.0,1.0,0,0)
DispatchPointer(176130,176132,2,266.96527,911.535,0.0,0.0,0,1.0,1.0,0,0)
DispatchPointer(176130,176133,2,266.85516,910.9433,0.0,0.0,0,1.0,1.0,0,0)
DispatchPointer(176130,176133,2,266.69254,910.5627,0.0,0.0,0,1.0,1.0,0,0)
DispatchPointer(176130,176134,1,266.48636,909.2384,0.0,0.0,0,1.0,1.0,0,0)
DispatchKey(176140,176140,0,23,0,0,-1,0)
DispatchKey(176142,176142,1,23,0,0,-1,0)
DispatchKey(176181,176181,0,164,0,0,-1,0)
DispatchKey(176182,176182,1,164,0,0,-1,0)
DispatchPointer(176185,176185,0,195.0,925.0,0.0,0.0,0,1.0,1.0,0,0)
DispatchPointer(176185,176194,1,188.73944,910.4416,0.0,0.0,0,1.0,1.0,0,0)
LaunchActivity(a2dp.Vol,a2dp.Vol.main)
DispatchPointer(176209,176209,0,315.0,228.0,0.0,0.0,0,1.0,1.0,0,0)
