type= raw events
count= -1
speed= 1.0
start data >>
LaunchActivity(a2dp.Vol,a2dp.Vol.main)
DispatchTrackball(-1,171641,2,-2.0,-5.0,0.0,0.0,0,1.0,1.0,0,0)
DispatchTrackball(-1,172050,2,-4.0,-3.0,0.0,0.0,0,1.0,1.0,0,0)
DispatchTrackball(-1,172053,2,-5.0,2.0,0.0,0.0,0,1.0,1.0,0,0)
DispatchTrackball(-1,172058,2,2.0,4.0,0.0,0.0,0,1.0,1.0,0,0)
DispatchTrackball(-1,172060,2,4.0,4.0,0.0,0.0,0,1.0,1.0,0,0)
DispatchTrackball(-1,172063,2,2.0,2.0,0.0,0.0,0,1.0,1.0,0,0)
DispatchTrackball(-1,172076,2,2.0,3.0,0.0,0.0,0,1.0,1.0,0,0)
DispatchTrackball(-1,172078,2,-1.0,-3.0,0.0,0.0,0,1.0,1.0,0,0)
DispatchTrackball(-1,172081,2,-4.0,3.0,0.0,0.0,0,1.0,1.0,0,0)
DispatchTrackball(-1,172083,2,1.0,-4.0,0.0,0.0,0,1.0,1.0,0,0)
GUIGen(4)
DispatchKey(190037,190037,0,20,0,0,-1,0)
DispatchKey(190038,190038,1,20,0,0,-1,0)
DispatchTrackball(-1,190040,2,-1.0,3.0,0.0,0.0,0,1.0,1.0,0,0)
DispatchTrackball(-1,190040,2,4.0,1.0,0.0,0.0,0,1.0,1.0,0,0)
DispatchTrackball(-1,190042,2,-4.0,-5.0,0.0,0.0,0,1.0,1.0,0,0)
DispatchTrackball(-1,190043,2,1.0,0.0,0.0,0.0,0,1.0,1.0,0,0)
DispatchTrackball(-1,190045,2,2.0,-4.0,0.0,0.0,0,1.0,1.0,0,0)
DispatchTrackball(-1,190045,2,-1.0,4.0,0.0,0.0,0,1.0,1.0,0,0)
DispatchTrackball(-1,190046,2,4.0,-3.0,0.0,0.0,0,1.0,1.0,0,0)
DispatchTrackball(-1,190046,2,2.0,2.0,0.0,0.0,0,1.0,1.0,0,0)
DispatchTrackball(-1,190047,2,2.0,-1.0,0.0,0.0,0,1.0,1.0,0,0)
DispatchTrackball(-1,190047,2,-1.0,2.0,0.0,0.0,0,1.0,1.0,0,0)
DispatchPointer(190048,190048,0,500.0,696.0,0.0,0.0,0,1.0,1.0,0,0)
DispatchPointer(190048,190052,261,503.228,703.39655,0.0,0.0,0,1.0,1.0,0,0)
DispatchPointer(190048,190054,2,511.42203,713.30225,0.0,0.0,0,1.0,1.0,0,0)
DispatchPointer(190048,190054,2,527.2095,720.1962,0.0,0.0,0,1.0,1.0,0,0)
DispatchPointer(190048,190060,262,539.5838,730.1153,0.0,0.0,0,1.0,1.0,0,0)
DispatchPointer(190048,190062,1,557.62994,745.1186,0.0,0.0,0,1.0,1.0,0,0)
DispatchKey(190067,190067,0,22,0,0,-1,0)
DispatchKey(190078,190078,1,22,0,0,-1,0)
DispatchKey(190082,190082,0,167,0,0,-1,0)
DispatchKey(190082,190082,1,167,0,0,-1,0)
DispatchPointer(190083,190083,0,283.0,397.0,0.0,0.0,0,1.0,1.0,0,0)
DispatchPointer(190083,190091,1,277.6034,396.19342,0.0,0.0,0,1.0,1.0,0,0)
DispatchPointer(190094,190094,0,415.0,974.0,0.0,0.0,0,1.0,1.0,0,0)
DispatchPointer(190094,190096,1,410.22604,990.3934,0.0,0.0,0,1.0,1.0,0,0)
DispatchKey(190098,190098,0,82,0,0,-1,0)
DispatchKey(190108,190108,1,82,0,0,-1,0)
DispatchKey(190122,190122,0,22,0,0,-1,0)
DispatchKey(190143,190143,1,22,0,0,-1,0)
DispatchKey(190144,190144,0,19,0,0,-1,0)
DispatchKey(190145,190145,1,19,0,0,-1,0)
DispatchPointer(190145,190145,0,409.0,920.0,0.0,0.0,0,1.0,1.0,0,0)
DispatchPointer(190145,190146,2,420.0562,928.4506,0.0,0.0,0,1.0,1.0,0,0)
DispatchPointer(190145,190147,2,427.45905,929.18353,0.0,0.0,0,1.0,1.0,0,0)
DispatchPointer(190145,190147,2,450.0688,947.73773,0.0,0.0,0,1.0,1.0,0,0)
DispatchPointer(190145,190147,2,457.72348,962.8291,0.0,0.0,0,1.0,1.0,0,0)
DispatchPointer(190145,190148,2,463.27692,963.6819,0.0,0.0,0,1.0,1.0,0,0)
DispatchPointer(190145,190148,2,470.9332,982.7088,0.0,0.0,0,1.0,1.0,0,0)
DispatchPointer(190145,190148,2,493.03055,993.43274,0.0,0.0,0,1.0,1.0,0,0)
DispatchPointer(190145,190148,2,509.11685,1005.8278,0.0,0.0,0,1.0,1.0,0,0)
DispatchPointer(190145,190149,1,526.06354,1014.2871,0.0,0.0,0,1.0,1.0,0,0)
DispatchPointer(190150,190150,0,65.0,188.0,0.0,0.0,0,1.0,1.0,0,0)
DispatchPointer(190150,190151,1,62.93679,185.56502,0.0,0.0,0,1.0,1.0,0,0)
DispatchKey(190156,190156,0,82,0,0,-1,0)
DispatchKey(190157,190157,1,82,0,0,-1,0)
DispatchKey(190170,190170,0,23,0,0,-1,0)
DispatchKey(190171,190171,1,23,0,0,-1,0)
DispatchKey(190172,190172,0,22,0,0,-1,0)
DispatchKey(190174,190174,1,22,0,0,-1,0)
DispatchKey(190176,190176,0,20,0,0,-1,0)
DispatchKey(190177,190177,1,20,0,0,-1,0)
DispatchKey(190178,190178,0,166,0,0,-1,0)
DispatchKey(190179,190179,1,166,0,0,-1,0)
DispatchPointer(190180,190180,0,25.0,318.0,0.0,0.0,0,1.0,1.0,0,0)
DispatchPointer(190180,190181,1,22.751522,323.27277,0.0,0.0,0,1.0,1.0,0,0)
DispatchKey(190181,190181,0,158,0,0,-1,0)
DispatchKey(190182,190182,1,158,0,0,-1,0)
DispatchKey(190183,190183,0,82,0,0,-1,0)
DispatchKey(190184,190184,1,82,0,0,-1,0)
DispatchKey(190198,190198,0,23,0,0,-1,0)
DispatchKey(190203,190203,1,23,0,0,-1,0)
DispatchKey(190204,190204,0,22,0,0,-1,0)
DispatchKey(190206,190206,1,22,0,0,-1,0)
DispatchKey(190210,190210,0,82,0,0,-1,0)
DispatchKey(190211,190211,1,82,0,0,-1,0)
DispatchKey(190211,190211,0,94,0,0,-1,0)
DispatchKey(190212,190212,1,94,0,0,-1,0)
DispatchTrackball(-1,190213,2,2.0,2.0,0.0,0.0,0,1.0,1.0,0,0)
DispatchTrackball(-1,190213,2,-4.0,4.0,0.0,0.0,0,1.0,1.0,0,0)
DispatchTrackball(-1,190214,2,-2.0,-4.0,0.0,0.0,0,1.0,1.0,0,0)
DispatchTrackball(-1,190214,2,-2.0,-5.0,0.0,0.0,0,1.0,1.0,0,0)
DispatchTrackball(-1,190214,2,-3.0,4.0,0.0,0.0,0,1.0,1.0,0,0)
DispatchTrackball(-1,190215,2,3.0,2.0,0.0,0.0,0,1.0,1.0,0,0)
DispatchTrackball(-1,190215,2,-1.0,-1.0,0.0,0.0,0,1.0,1.0,0,0)
DispatchTrackball(-1,190215,2,0.0,-4.0,0.0,0.0,0,1.0,1.0,0,0)
DispatchTrackball(-1,190215,2,2.0,1.0,0.0,0.0,0,1.0,1.0,0,0)
DispatchTrackball(-1,190216,2,-5.0,-5.0,0.0,0.0,0,1.0,1.0,0,0)
DispatchKey(190216,190216,0,149,0,0,-1,0)
DispatchKey(190247,190247,1,149,0,0,-1,0)
DispatchKey(190255,190255,0,44,0,0,-1,0)
DispatchKey(190551,190551,1,44,0,0,-1,0)
GUIGen(9)
DispatchKey(201235,201235,0,4,0,0,-1,0)
DispatchKey(201235,201235,1,4,0,0,-1,0)
DispatchKey(201253,201253,0,82,0,0,-1,0)
DispatchKey(201300,201300,1,82,0,0,-1,0)
DispatchKey(201301,201301,0,21,0,0,-1,0)
DispatchKey(201305,201305,1,21,0,0,-1,0)
DispatchKey(201306,201306,0,20,0,0,-1,0)
DispatchKey(201308,201308,1,20,0,0,-1,0)
DispatchKey(201309,201309,0,82,0,0,-1,0)
DispatchKey(201309,201309,1,82,0,0,-1,0)
DispatchFlip(false)
DispatchKey(201360,201360,0,204,0,0,-1,0)
DispatchKey(201361,201361,1,204,0,0,-1,0)
DispatchKey(201363,201363,0,42,0,0,-1,0)
DispatchKey(201373,201373,1,42,0,0,-1,0)
DispatchPointer(201404,201404,0,320.0,98.0,0.0,0.0,0,1.0,1.0,0,0)
DispatchPointer(201404,201404,1,326.28125,106.354004,0.0,0.0,0,1.0,1.0,0,0)
DispatchPointer(201405,201405,0,260.0,1060.0,0.0,0.0,0,1.0,1.0,0,0)
DispatchPointer(201405,201405,1,277.17,1078.0325,0.0,0.0,0,1.0,1.0,0,0)
DispatchPointer(201406,201406,0,220.0,541.0,0.0,0.0,0,1.0,1.0,0,0)
DispatchPointer(201406,201407,1,237.52429,531.0284,0.0,0.0,0,1.0,1.0,0,0)
DispatchKey(201408,201408,0,82,0,0,-1,0)
DispatchKey(201434,201434,1,82,0,0,-1,0)
DispatchPointer(201451,201451,0,193.0,857.0,0.0,0.0,0,1.0,1.0,0,0)
DispatchPointer(201451,201454,2,193.56639,853.8359,0.0,0.0,0,1.0,1.0,0,0)
DispatchPointer(201451,201454,2,200.69952,838.86975,0.0,0.0,0,1.0,1.0,0,0)
DispatchPointer(201451,201455,2,205.79694,826.1662,0.0,0.0,0,1.0,1.0,0,0)
DispatchPointer(201451,201455,2,206.559,820.74725,0.0,0.0,0,1.0,1.0,0,0)
DispatchPointer(201451,201456,2,212.3077,802.27374,0.0,0.0,0,1.0,1.0,0,0)
DispatchPointer(201451,201456,2,215.18861,801.5404,0.0,0.0,0,1.0,1.0,0,0)
DispatchPointer(201451,201457,2,222.11237,786.7911,0.0,0.0,0,1.0,1.0,0,0)
DispatchPointer(201451,201457,1,224.1136,782.4967,0.0,0.0,0,1.0,1.0,0,0)
DispatchPointer(201458,201458,0,39.0,190.0,0.0,0.0,0,1.0,1.0,0,0)
DispatchPointer(201458,201459,261,41.437782,195.77005,0.0,0.0,0,1.0,1.0,0,0)
DispatchPointer(201458,201459,2,41.80382,201.93745,0.0,0.0,0,1.0,1.0,0,0)
DispatchPointer(201458,201459,2,45.88585,210.42252,0.0,0.0,0,1.0,1.0,0,0)
DispatchPointer(201458,201460,2,51.659584,222.36691,0.0,0.0,0,1.0,1.0,0,0)
DispatchPointer(201458,201460,2,55.649868,224.8352,0.0,0.0,0,1.0,1.0,0,0)
DispatchPointer(201458,201460,2,61.20159,227.4359,0.0,0.0,0,1.0,1.0,0,0)
DispatchPointer(201458,201460,2,66.14273,240.41087,0.0,0.0,0,1.0,1.0,0,0)
DispatchPointer(201458,201461,2,68.298965,254.86012,0.0,0.0,0,1.0,1.0,0,0)
DispatchPointer(201458,201461,262,69.28564,268.1545,0.0,0.0,0,1.0,1.0,0,0)
DispatchPointer(201458,201461,1,74.096756,279.33145,0.0,0.0,0,1.0,1.0,0,0)
DispatchKey(201461,201461,0,22,0,0,-1,0)
DispatchKey(201471,201471,1,22,0,0,-1,0)
DispatchTrackball(-1,201472,2,-3.0,0.0,0.0,0.0,0,1.0,1.0,0,0)
DispatchTrackball(-1,201473,2,4.0,3.0,0.0,0.0,0,1.0,1.0,0,0)
DispatchTrackball(-1,201473,2,-3.0,-3.0,0.0,0.0,0,1.0,1.0,0,0)
DispatchTrackball(-1,201474,2,3.0,-5.0,0.0,0.0,0,1.0,1.0,0,0)
DispatchTrackball(-1,201475,2,0.0,1.0,0.0,0.0,0,1.0,1.0,0,0)
DispatchTrackball(-1,201475,2,-2.0,-5.0,0.0,0.0,0,1.0,1.0,0,0)
DispatchTrackball(-1,201475,2,-4.0,3.0,0.0,0.0,0,1.0,1.0,0,0)
DispatchTrackball(-1,201475,2,3.0,4.0,0.0,0.0,0,1.0,1.0,0,0)
DispatchTrackball(-1,201476,2,-5.0,3.0,0.0,0.0,0,1.0,1.0,0,0)
DispatchTrackball(-1,201476,2,-3.0,0.0,0.0,0.0,0,1.0,1.0,0,0)
DispatchPointer(201476,201476,0,618.0,1091.0,0.0,0.0,0,1.0,1.0,0,0)
DispatchPointer(201476,201477,2,635.1403,1083.9557,0.0,0.0,0,1.0,1.0,0,0)
DispatchPointer(201476,201477,2,639.97754,1078.314,0.0,0.0,0,1.0,1.0,0,0)
DispatchPointer(201476,201477,1,645.96893,1076.9061,0.0,0.0,0,1.0,1.0,0,0)
DispatchPointer(201478,201478,0,134.0,309.0,0.0,0.0,0,1.0,1.0,0,0)
DispatchPointer(201478,201479,2,115.370575,319.9883,0.0,0.0,0,1.0,1.0,0,0)
DispatchPointer(201478,201479,2,95.94548,324.92307,0.0,0.0,0,1.0,1.0,0,0)
DispatchPointer(201478,201480,1,78.7854,332.0745,0.0,0.0,0,1.0,1.0,0,0)
DispatchKey(201480,201480,0,21,0,0,-1,0)
DispatchKey(201708,201708,1,21,0,0,-1,0)
DispatchKey(201710,201710,0,17,0,0,-1,0)
DispatchKey(201724,201724,1,17,0,0,-1,0)
DispatchKey(201725,201725,0,23,0,0,-1,0)
DispatchKey(201735,201735,1,23,0,0,-1,0)
DispatchKey(201737,201737,0,22,0,0,-1,0)
DispatchKey(202207,202207,1,22,0,0,-1,0)
DispatchKey(204306,204306,0,21,0,0,-1,0)
DispatchKey(204309,204309,1,21,0,0,-1,0)
DispatchKey(204310,204310,0,7,0,0,-1,0)
DispatchKey(204310,204310,1,7,0,0,-1,0)
DispatchPointer(204312,204312,0,45.0,708.0,0.0,0.0,0,1.0,1.0,0,0)
DispatchPointer(204312,204314,261,35.71775,709.5067,0.0,0.0,0,1.0,1.0,0,0)
DispatchPointer(204312,204315,2,35.351177,710.062,0.0,0.0,0,1.0,1.0,0,0)
DispatchPointer(204312,204315,2,27.162483,715.38196,0.0,0.0,0,1.0,1.0,0,0)
DispatchPointer(204312,204315,2,12.734085,720.2948,0.0,0.0,0,1.0,1.0,0,0)
DispatchPointer(204312,204316,262,11.185659,720.66394,0.0,0.0,0,1.0,1.0,0,0)
DispatchPointer(204312,204316,1,0.0,720.8055,0.0,0.0,0,1.0,1.0,0,0)
DispatchPointer(204324,204324,0,522.0,1176.0,0.0,0.0,0,1.0,1.0,0,0)
DispatchPointer(204324,204325,1,522.1637,1174.6866,0.0,0.0,0,1.0,1.0,0,0)
DispatchPointer(204327,204327,0,64.0,615.0,0.0,0.0,0,1.0,1.0,0,0)
DispatchPointer(204327,204327,1,71.664795,616.4717,0.0,0.0,0,1.0,1.0,0,0)
DispatchKey(204327,204327,0,23,0,0,-1,0)
DispatchKey(204382,204382,1,23,0,0,-1,0)
DispatchPointer(204391,204391,0,459.0,735.0,0.0,0.0,0,1.0,1.0,0,0)
DispatchPointer(204391,204393,1,468.7013,743.95105,0.0,0.0,0,1.0,1.0,0,0)
DispatchKey(204396,204396,0,19,0,0,-1,0)
DispatchKey(204426,204426,1,19,0,0,-1,0)
DispatchKey(205364,205364,0,19,0,0,-1,0)
DispatchKey(205372,205372,1,19,0,0,-1,0)
DispatchKey(205374,205374,0,82,0,0,-1,0)
DispatchKey(205374,205374,1,82,0,0,-1,0)
DispatchKey(205375,205375,0,21,0,0,-1,0)
DispatchKey(205375,205375,1,21,0,0,-1,0)
DispatchKey(205376,205376,0,23,0,0,-1,0)
DispatchKey(205377,205377,1,23,0,0,-1,0)
DispatchTrackball(-1,205378,2,-4.0,-4.0,0.0,0.0,0,1.0,1.0,0,0)
DispatchTrackball(-1,205379,2,4.0,1.0,0.0,0.0,0,1.0,1.0,0,0)
DispatchTrackball(-1,205379,2,-2.0,-5.0,0.0,0.0,0,1.0,1.0,0,0)
DispatchTrackball(-1,205380,2,2.0,0.0,0.0,0.0,0,1.0,1.0,0,0)
DispatchTrackball(-1,205380,2,-2.0,-2.0,0.0,0.0,0,1.0,1.0,0,0)
DispatchTrackball(-1,205381,2,4.0,-2.0,0.0,0.0,0,1.0,1.0,0,0)
DispatchTrackball(-1,205381,2,4.0,-4.0,0.0,0.0,0,1.0,1.0,0,0)
DispatchTrackball(-1,205382,2,0.0,-2.0,0.0,0.0,0,1.0,1.0,0,0)
DispatchTrackball(-1,205382,2,-4.0,2.0,0.0,0.0,0,1.0,1.0,0,0)
DispatchTrackball(-1,205383,2,-2.0,-2.0,0.0,0.0,0,1.0,1.0,0,0)
DispatchKey(205383,205383,0,22,0,0,-1,0)
DispatchKey(205459,205459,1,22,0,0,-1,0)
DispatchPointer(205483,205483,0,537.0,116.0,0.0,0.0,0,1.0,1.0,0,0)
DispatchPointer(205483,205483,1,535.1442,110.25496,0.0,0.0,0,1.0,1.0,0,0)
DispatchKey(205484,205484,0,82,0,0,-1,0)
DispatchKey(205489,205489,1,82,0,0,-1,0)
DispatchPointer(205493,205493,0,421.0,452.0,0.0,0.0,0,1.0,1.0,0,0)
DispatchPointer(205493,205494,1,421.86588,454.5469,0.0,0.0,0,1.0,1.0,0,0)
DispatchKey(205495,205495,0,82,0,0,-1,0)
DispatchKey(205497,205497,1,82,0,0,-1,0)
DispatchTrackball(-1,205498,2,4.0,-3.0,0.0,0.0,0,1.0,1.0,0,0)
DispatchTrackball(-1,205501,2,1.0,1.0,0.0,0.0,0,1.0,1.0,0,0)
DispatchTrackball(-1,205502,2,2.0,1.0,0.0,0.0,0,1.0,1.0,0,0)
DispatchTrackball(-1,205502,2,4.0,-4.0,0.0,0.0,0,1.0,1.0,0,0)
DispatchTrackball(-1,205506,2,3.0,-3.0,0.0,0.0,0,1.0,1.0,0,0)
DispatchTrackball(-1,205506,2,2.0,-3.0,0.0,0.0,0,1.0,1.0,0,0)
DispatchTrackball(-1,205508,2,-3.0,3.0,0.0,0.0,0,1.0,1.0,0,0)
DispatchTrackball(-1,205508,2,0.0,0.0,0.0,0.0,0,1.0,1.0,0,0)
DispatchTrackball(-1,205509,2,-5.0,-4.0,0.0,0.0,0,1.0,1.0,0,0)
DispatchTrackball(-1,205509,2,1.0,0.0,0.0,0.0,0,1.0,1.0,0,0)
DispatchKey(205510,205510,0,20,0,0,-1,0)
DispatchKey(205546,205546,1,20,0,0,-1,0)
LaunchActivity(a2dp.Vol,a2dp.Vol.main)
DispatchKey(205594,205594,0,20,0,0,-1,0)
DispatchKey(205603,205603,1,20,0,0,-1,0)
DispatchKey(205605,205605,0,21,0,0,-1,0)
DispatchKey(205642,205642,1,21,0,0,-1,0)
LaunchActivity(a2dp.Vol,a2dp.Vol.main)
DispatchTrackball(-1,205647,2,1.0,1.0,0.0,0.0,0,1.0,1.0,0,0)
DispatchTrackball(-1,205649,2,4.0,3.0,0.0,0.0,0,1.0,1.0,0,0)
DispatchTrackball(-1,205650,2,-3.0,4.0,0.0,0.0,0,1.0,1.0,0,0)
DispatchTrackball(-1,205650,2,-5.0,3.0,0.0,0.0,0,1.0,1.0,0,0)
DispatchTrackball(-1,205651,2,-4.0,2.0,0.0,0.0,0,1.0,1.0,0,0)
DispatchTrackball(-1,205652,2,1.0,-1.0,0.0,0.0,0,1.0,1.0,0,0)
DispatchTrackball(-1,205653,2,2.0,-3.0,0.0,0.0,0,1.0,1.0,0,0)
DispatchTrackball(-1,205653,2,0.0,-5.0,0.0,0.0,0,1.0,1.0,0,0)
DispatchTrackball(-1,205654,2,-4.0,-4.0,0.0,0.0,0,1.0,1.0,0,0)
DispatchTrackball(-1,205658,2,3.0,1.0,0.0,0.0,0,1.0,1.0,0,0)
DispatchKey(205659,205659,0,23,0,0,-1,0)
DispatchKey(205664,205664,1,23,0,0,-1,0)
DispatchKey(205667,205667,0,19,0,0,-1,0)
DispatchKey(205692,205692,1,19,0,0,-1,0)
DispatchKey(205692,205692,0,160,0,0,-1,0)
DispatchKey(205694,205694,1,160,0,0,-1,0)
DispatchKey(205697,205697,0,23,0,0,-1,0)
DispatchKey(205698,205698,1,23,0,0,-1,0)
DispatchTrackball(-1,205699,2,0.0,3.0,0.0,0.0,0,1.0,1.0,0,0)
DispatchTrackball(-1,205707,2,2.0,2.0,0.0,0.0,0,1.0,1.0,0,0)
DispatchTrackball(-1,205708,2,3.0,2.0,0.0,0.0,0,1.0,1.0,0,0)
DispatchTrackball(-1,205708,2,1.0,-2.0,0.0,0.0,0,1.0,1.0,0,0)
DispatchTrackball(-1,205708,2,2.0,-5.0,0.0,0.0,0,1.0,1.0,0,0)
DispatchTrackball(-1,205709,2,-3.0,0.0,0.0,0.0,0,1.0,1.0,0,0)
DispatchTrackball(-1,205709,2,-3.0,-2.0,0.0,0.0,0,1.0,1.0,0,0)
DispatchTrackball(-1,205709,2,0.0,3.0,0.0,0.0,0,1.0,1.0,0,0)
DispatchTrackball(-1,205709,2,-1.0,2.0,0.0,0.0,0,1.0,1.0,0,0)
DispatchTrackball(-1,205709,2,2.0,4.0,0.0,0.0,0,1.0,1.0,0,0)
DispatchTrackball(-1,205710,2,-2.0,-2.0,0.0,0.0,0,1.0,1.0,0,0)
DispatchTrackball(-1,205710,2,1.0,-3.0,0.0,0.0,0,1.0,1.0,0,0)
DispatchTrackball(-1,205711,2,0.0,3.0,0.0,0.0,0,1.0,1.0,0,0)
DispatchTrackball(-1,205711,2,-2.0,0.0,0.0,0.0,0,1.0,1.0,0,0)
DispatchTrackball(-1,205712,2,4.0,3.0,0.0,0.0,0,1.0,1.0,0,0)
DispatchTrackball(-1,205712,2,2.0,-4.0,0.0,0.0,0,1.0,1.0,0,0)
DispatchTrackball(-1,205713,2,-3.0,-2.0,0.0,0.0,0,1.0,1.0,0,0)
DispatchTrackball(-1,205714,2,-4.0,1.0,0.0,0.0,0,1.0,1.0,0,0)
DispatchTrackball(-1,205714,2,3.0,1.0,0.0,0.0,0,1.0,1.0,0,0)
DispatchTrackball(-1,205715,2,3.0,-1.0,0.0,0.0,0,1.0,1.0,0,0)
DispatchTrackball(-1,205715,2,-5.0,-4.0,0.0,0.0,0,1.0,1.0,0,0)
DispatchTrackball(-1,205722,2,0.0,2.0,0.0,0.0,0,1.0,1.0,0,0)
DispatchTrackball(-1,205724,2,-2.0,-3.0,0.0,0.0,0,1.0,1.0,0,0)
DispatchTrackball(-1,205724,2,0.0,3.0,0.0,0.0,0,1.0,1.0,0,0)
DispatchTrackball(-1,205724,2,-4.0,-5.0,0.0,0.0,0,1.0,1.0,0,0)
DispatchTrackball(-1,205725,2,-3.0,3.0,0.0,0.0,0,1.0,1.0,0,0)
DispatchTrackball(-1,205725,2,-3.0,3.0,0.0,0.0,0,1.0,1.0,0,0)
DispatchTrackball(-1,205728,2,-4.0,1.0,0.0,0.0,0,1.0,1.0,0,0)
DispatchTrackball(-1,205728,2,-3.0,-5.0,0.0,0.0,0,1.0,1.0,0,0)
DispatchTrackball(-1,205729,2,4.0,3.0,0.0,0.0,0,1.0,1.0,0,0)
DispatchPointer(205729,205729,0,232.0,597.0,0.0,0.0,0,1.0,1.0,0,0)
DispatchPointer(205729,205730,2,237.4828,584.75256,0.0,0.0,0,1.0,1.0,0,0)
DispatchPointer(205729,205730,2,240.00621,582.12317,0.0,0.0,0,1.0,1.0,0,0)
DispatchPointer(205729,205731,2,245.63332,562.60944,0.0,0.0,0,1.0,1.0,0,0)
DispatchPointer(205729,205731,2,248.1854,545.2355,0.0,0.0,0,1.0,1.0,0,0)
DispatchPointer(205729,205731,2,256.1545,539.00366,0.0,0.0,0,1.0,1.0,0,0)
DispatchPointer(205729,205732,1,261.26648,532.5806,0.0,0.0,0,1.0,1.0,0,0)
DispatchKey(205732,205732,0,122,0,0,-1,0)
DispatchKey(205752,205752,1,122,0,0,-1,0)
DispatchKey(205760,205760,0,21,0,0,-1,0)
DispatchKey(205760,205760,1,21,0,0,-1,0)
DispatchTrackball(-1,205775,2,2.0,-2.0,0.0,0.0,0,1.0,1.0,0,0)
DispatchTrackball(-1,205777,2,2.0,1.0,0.0,0.0,0,1.0,1.0,0,0)
DispatchTrackball(-1,205777,2,-4.0,-1.0,0.0,0.0,0,1.0,1.0,0,0)
DispatchTrackball(-1,205777,2,2.0,3.0,0.0,0.0,0,1.0,1.0,0,0)
DispatchTrackball(-1,205777,2,4.0,4.0,0.0,0.0,0,1.0,1.0,0,0)
DispatchTrackball(-1,205779,2,0.0,-4.0,0.0,0.0,0,1.0,1.0,0,0)
DispatchTrackball(-1,205779,2,1.0,2.0,0.0,0.0,0,1.0,1.0,0,0)
DispatchTrackball(-1,205780,2,-2.0,1.0,0.0,0.0,0,1.0,1.0,0,0)
DispatchTrackball(-1,205780,2,3.0,0.0,0.0,0.0,0,1.0,1.0,0,0)
DispatchTrackball(-1,205780,2,-3.0,2.0,0.0,0.0,0,1.0,1.0,0,0)
DispatchKey(205780,205780,0,82,0,0,-1,0)
DispatchKey(205898,205898,1,82,0,0,-1,0)
DispatchTrackball(-1,205908,2,1.0,-3.0,0.0,0.0,0,1.0,1.0,0,0)
DispatchTrackball(-1,205912,2,-3.0,-2.0,0.0,0.0,0,1.0,1.0,0,0)
DispatchTrackball(-1,205913,2,-3.0,1.0,0.0,0.0,0,1.0,1.0,0,0)
DispatchTrackball(-1,205914,2,-4.0,3.0,0.0,0.0,0,1.0,1.0,0,0)
DispatchTrackball(-1,205914,2,1.0,0.0,0.0,0.0,0,1.0,1.0,0,0)
DispatchTrackball(-1,205915,2,-2.0,3.0,0.0,0.0,0,1.0,1.0,0,0)
DispatchTrackball(-1,205916,2,-5.0,3.0,0.0,0.0,0,1.0,1.0,0,0)
DispatchTrackball(-1,205916,2,0.0,-1.0,0.0,0.0,0,1.0,1.0,0,0)
DispatchTrackball(-1,205920,2,-5.0,-1.0,0.0,0.0,0,1.0,1.0,0,0)
DispatchTrackball(-1,205923,2,-4.0,-4.0,0.0,0.0,0,1.0,1.0,0,0)
DispatchKey(205923,205923,0,21,0,0,-1,0)
DispatchKey(205934,205934,1,21,0,0,-1,0)
DispatchKey(205937,205937,0,39,0,0,-1,0)
DispatchKey(205938,205938,1,39,0,0,-1,0)
DispatchFlip(true)
DispatchTrackball(-1,205976,2,2.0,-1.0,0.0,0.0,0,1.0,1.0,0,0)
DispatchTrackball(-1,205976,2,1.0,1.0,0.0,0.0,0,1.0,1.0,0,0)
DispatchTrackball(-1,205977,2,-5.0,3.0,0.0,0.0,0,1.0,1.0,0,0)
DispatchTrackball(-1,205977,2,2.0,-4.0,0.0,0.0,0,1.0,1.0,0,0)
DispatchTrackball(-1,205978,2,1.0,1.0,0.0,0.0,0,1.0,1.0,0,0)
DispatchTrackball(-1,205978,2,-1.0,-5.0,0.0,0.0,0,1.0,1.0,0,0)
DispatchTrackball(-1,205978,2,1.0,-5.0,0.0,0.0,0,1.0,1.0,0,0)
DispatchTrackball(-1,205979,2,-2.0,-5.0,0.0,0.0,0,1.0,1.0,0,0)
DispatchTrackball(-1,205979,2,-1.0,0.0,0.0,0.0,0,1.0,1.0,0,0)
DispatchTrackball(-1,205979,2,1.0,1.0,0.0,0.0,0,1.0,1.0,0,0)
DispatchKey(205980,205980,0,23,0,0,-1,0)
DispatchKey(206008,206008,1,23,0,0,-1,0)
DispatchKey(206013,206013,0,20,0,0,-1,0)
DispatchKey(206027,206027,1,20,0,0,-1,0)
LaunchActivity(a2dp.Vol,a2dp.Vol.main)
DispatchKey(206067,206067,0,19,0,0,-1,0)
DispatchKey(206076,206076,1,19,0,0,-1,0)
DispatchKey(206078,206078,0,21,0,0,-1,0)
DispatchKey(206080,206080,1,21,0,0,-1,0)
DispatchPointer(206082,206082,0,40.0,1150.0,0.0,0.0,0,1.0,1.0,0,0)
DispatchPointer(206082,206083,1,39.57191,1154.2946,0.0,0.0,0,1.0,1.0,0,0)
DispatchTrackball(-1,206084,2,-1.0,-1.0,0.0,0.0,0,1.0,1.0,0,0)
DispatchTrackball(-1,206085,2,0.0,2.0,0.0,0.0,0,1.0,1.0,0,0)
DispatchTrackball(-1,206085,2,4.0,0.0,0.0,0.0,0,1.0,1.0,0,0)
DispatchTrackball(-1,206086,2,3.0,2.0,0.0,0.0,0,1.0,1.0,0,0)
DispatchTrackball(-1,206086,2,-1.0,0.0,0.0,0.0,0,1.0,1.0,0,0)
DispatchTrackball(-1,206086,2,0.0,-4.0,0.0,0.0,0,1.0,1.0,0,0)
DispatchTrackball(-1,206086,2,0.0,3.0,0.0,0.0,0,1.0,1.0,0,0)
DispatchTrackball(-1,206087,2,-4.0,-2.0,0.0,0.0,0,1.0,1.0,0,0)
DispatchTrackball(-1,206095,2,2.0,-3.0,0.0,0.0,0,1.0,1.0,0,0)
DispatchTrackball(-1,206098,2,0.0,-1.0,0.0,0.0,0,1.0,1.0,0,0)
DispatchKey(206100,206100,0,25,0,0,-1,0)
DispatchKey(206251,206251,1,25,0,0,-1,0)
DispatchKey(206255,206255,0,22,0,0,-1,0)
DispatchKey(206393,206393,1,22,0,0,-1,0)
DispatchTrackball(-1,206395,2,-1.0,-5.0,0.0,0.0,0,1.0,1.0,0,0)
DispatchTrackball(-1,206398,2,4.0,0.0,0.0,0.0,0,1.0,1.0,0,0)
DispatchTrackball(-1,206398,2,3.0,-3.0,0.0,0.0,0,1.0,1.0,0,0)
DispatchTrackball(-1,206398,2,4.0,-2.0,0.0,0.0,0,1.0,1.0,0,0)
DispatchTrackball(-1,206399,2,2.0,-3.0,0.0,0.0,0,1.0,1.0,0,0)
DispatchTrackball(-1,206399,2,2.0,-5.0,0.0,0.0,0,1.0,1.0,0,0)
DispatchTrackball(-1,206399,2,-2.0,0.0,0.0,0.0,0,1.0,1.0,0,0)
DispatchTrackball(-1,206399,2,-4.0,4.0,0.0,0.0,0,1.0,1.0,0,0)
DispatchTrackball(-1,206400,2,2.0,4.0,0.0,0.0,0,1.0,1.0,0,0)
DispatchTrackball(-1,206400,2,-5.0,-2.0,0.0,0.0,0,1.0,1.0,0,0)
DispatchPointer(206400,206400,0,399.0,1124.0,0.0,0.0,0,1.0,1.0,0,0)
DispatchPointer(206400,206401,1,396.26422,1120.1757,0.0,0.0,0,1.0,1.0,0,0)
DispatchKey(206401,206401,0,98,0,0,-1,0)
DispatchKey(206453,206453,1,98,0,0,-1,0)
DispatchKey(206477,206477,0,21,0,0,-1,0)
DispatchKey(206479,206479,1,21,0,0,-1,0)
DispatchKey(206480,206480,0,152,0,0,-1,0)
DispatchKey(206481,206481,1,152,0,0,-1,0)
DispatchTrackball(-1,206483,2,-3.0,3.0,0.0,0.0,0,1.0,1.0,0,0)
DispatchTrackball(-1,206483,2,1.0,-4.0,0.0,0.0,0,1.0,1.0,0,0)
DispatchTrackball(-1,206484,2,-1.0,-1.0,0.0,0.0,0,1.0,1.0,0,0)
DispatchTrackball(-1,206484,2,4.0,4.0,0.0,0.0,0,1.0,1.0,0,0)
DispatchTrackball(-1,206484,2,-1.0,-2.0,0.0,0.0,0,1.0,1.0,0,0)
DispatchTrackball(-1,206485,2,-5.0,-3.0,0.0,0.0,0,1.0,1.0,0,0)
DispatchTrackball(-1,206485,2,-4.0,3.0,0.0,0.0,0,1.0,1.0,0,0)
DispatchTrackball(-1,206485,2,-4.0,1.0,0.0,0.0,0,1.0,1.0,0,0)
DispatchTrackball(-1,206489,2,-4.0,-3.0,0.0,0.0,0,1.0,1.0,0,0)
DispatchTrackball(-1,206490,2,3.0,-5.0,0.0,0.0,0,1.0,1.0,0,0)
DispatchFlip(false)
DispatchTrackball(-1,206523,2,4.0,-2.0,0.0,0.0,0,1.0,1.0,0,0)
DispatchTrackball(-1,206525,2,-4.0,3.0,0.0,0.0,0,1.0,1.0,0,0)
DispatchTrackball(-1,206525,2,-3.0,2.0,0.0,0.0,0,1.0,1.0,0,0)
DispatchTrackball(-1,206527,2,-4.0,-2.0,0.0,0.0,0,1.0,1.0,0,0)
DispatchTrackball(-1,206527,2,-5.0,1.0,0.0,0.0,0,1.0,1.0,0,0)
DispatchTrackball(-1,206528,2,-2.0,4.0,0.0,0.0,0,1.0,1.0,0,0)
DispatchTrackball(-1,206530,2,2.0,3.0,0.0,0.0,0,1.0,1.0,0,0)
DispatchTrackball(-1,206532,2,-1.0,-4.0,0.0,0.0,0,1.0,1.0,0,0)
DispatchTrackball(-1,206533,2,0.0,-1.0,0.0,0.0,0,1.0,1.0,0,0)
DispatchTrackball(-1,206534,2,3.0,1.0,0.0,0.0,0,1.0,1.0,0,0)
GUIGen(7)
DispatchKey(214939,214939,0,20,0,0,-1,0)
DispatchKey(214940,214940,1,20,0,0,-1,0)
DispatchTrackball(-1,214943,2,-2.0,3.0,0.0,0.0,0,1.0,1.0,0,0)
DispatchTrackball(-1,214943,2,-3.0,-3.0,0.0,0.0,0,1.0,1.0,0,0)
DispatchTrackball(-1,214944,2,-3.0,-4.0,0.0,0.0,0,1.0,1.0,0,0)
DispatchTrackball(-1,214944,2,-2.0,-2.0,0.0,0.0,0,1.0,1.0,0,0)
DispatchTrackball(-1,214944,2,-1.0,1.0,0.0,0.0,0,1.0,1.0,0,0)
DispatchTrackball(-1,214945,2,4.0,0.0,0.0,0.0,0,1.0,1.0,0,0)
DispatchTrackball(-1,214945,2,3.0,-1.0,0.0,0.0,0,1.0,1.0,0,0)
DispatchTrackball(-1,214945,2,4.0,3.0,0.0,0.0,0,1.0,1.0,0,0)
DispatchTrackball(-1,214946,2,2.0,-4.0,0.0,0.0,0,1.0,1.0,0,0)
DispatchTrackball(-1,214946,2,-3.0,-3.0,0.0,0.0,0,1.0,1.0,0,0)
DispatchKey(214946,214946,0,22,0,0,-1,0)
DispatchKey(214981,214981,1,22,0,0,-1,0)
DispatchPointer(214983,214983,0,136.0,638.0,0.0,0.0,0,1.0,1.0,0,0)
DispatchPointer(214983,214984,1,136.12848,630.38617,0.0,0.0,0,1.0,1.0,0,0)
DispatchKey(214985,214985,0,19,0,0,-1,0)
DispatchKey(214999,214999,1,19,0,0,-1,0)
DispatchKey(215001,215001,0,21,0,0,-1,0)
DispatchKey(215013,215013,1,21,0,0,-1,0)
DispatchPointer(215014,215014,0,595.0,594.0,0.0,0.0,0,1.0,1.0,0,0)
DispatchPointer(215014,215014,1,603.2303,594.0215,0.0,0.0,0,1.0,1.0,0,0)
DispatchKey(215015,215015,0,19,0,0,-1,0)
DispatchKey(215016,215016,1,19,0,0,-1,0)
DispatchKey(215017,215017,0,22,0,0,-1,0)
DispatchKey(215037,215037,1,22,0,0,-1,0)
DispatchKey(215039,215039,0,20,0,0,-1,0)
DispatchKey(215040,215040,1,20,0,0,-1,0)
DispatchKey(215041,215041,0,22,0,0,-1,0)
DispatchKey(215042,215042,1,22,0,0,-1,0)
DispatchPointer(215043,215043,0,239.0,637.0,0.0,0.0,0,1.0,1.0,0,0)
DispatchPointer(215043,215044,1,242.1734,636.42456,0.0,0.0,0,1.0,1.0,0,0)
DispatchKey(215045,215045,0,19,0,0,-1,0)
DispatchKey(215045,215045,1,19,0,0,-1,0)
DispatchKey(215047,215047,0,19,0,0,-1,0)
DispatchKey(215047,215047,1,19,0,0,-1,0)
DispatchTrackball(-1,215048,2,3.0,4.0,0.0,0.0,0,1.0,1.0,0,0)
