type= raw events
count= -1
speed= 1.0
start data >>
LaunchActivity(a2dp.Vol,a2dp.Vol.main)
DispatchKey(53688,53688,0,23,0,0,-1,0)
DispatchKey(53965,53965,1,23,0,0,-1,0)
DispatchKey(53974,53974,0,191,0,0,-1,0)
DispatchKey(53980,53980,1,191,0,0,-1,0)
DispatchKey(54000,54000,0,21,0,0,-1,0)
DispatchKey(54126,54126,1,21,0,0,-1,0)
DispatchPointer(54130,54130,0,297.0,200.0,0.0,0.0,0,1.0,1.0,0,0)
DispatchPointer(54130,54134,2,306.08755,199.87814,0.0,0.0,0,1.0,1.0,0,0)
DispatchPointer(54130,54139,1,321.2636,199.81789,0.0,0.0,0,1.0,1.0,0,0)
DispatchKey(54142,54142,0,21,0,0,-1,0)
DispatchKey(54143,54143,1,21,0,0,-1,0)
DispatchKey(54149,54149,0,82,0,0,-1,0)
DispatchKey(54195,54195,1,82,0,0,-1,0)
DispatchKey(54208,54208,0,22,0,0,-1,0)
DispatchKey(54233,54233,1,22,0,0,-1,0)
DispatchKey(54240,54240,0,23,0,0,-1,0)
DispatchKey(54288,54288,1,23,0,0,-1,0)
DispatchKey(54291,54291,0,22,0,0,-1,0)
DispatchKey(54293,54293,1,22,0,0,-1,0)
DispatchPointer(54294,54294,0,631.0,705.0,0.0,0.0,0,1.0,1.0,0,0)
DispatchPointer(54294,54295,1,632.3227,699.18243,0.0,0.0,0,1.0,1.0,0,0)
DispatchKey(54298,54298,0,82,0,0,-1,0)
DispatchKey(54311,54311,1,82,0,0,-1,0)
DispatchKey(54325,54325,0,54,0,0,-1,0)
DispatchKey(54327,54327,1,54,0,0,-1,0)
DispatchTrackball(-1,54331,2,-1.0,-1.0,0.0,0.0,0,1.0,1.0,0,0)
DispatchTrackball(-1,54333,2,-1.0,1.0,0.0,0.0,0,1.0,1.0,0,0)
DispatchTrackball(-1,54333,2,-2.0,-5.0,0.0,0.0,0,1.0,1.0,0,0)
DispatchTrackball(-1,54336,2,3.0,-1.0,0.0,0.0,0,1.0,1.0,0,0)
DispatchTrackball(-1,54337,2,-5.0,4.0,0.0,0.0,0,1.0,1.0,0,0)
DispatchTrackball(-1,54339,2,3.0,0.0,0.0,0.0,0,1.0,1.0,0,0)
DispatchTrackball(-1,54339,2,3.0,3.0,0.0,0.0,0,1.0,1.0,0,0)
DispatchTrackball(-1,54340,2,-2.0,0.0,0.0,0.0,0,1.0,1.0,0,0)
DispatchTrackball(-1,54340,2,4.0,-4.0,0.0,0.0,0,1.0,1.0,0,0)
DispatchTrackball(-1,54341,2,-3.0,1.0,0.0,0.0,0,1.0,1.0,0,0)
DispatchTrackball(-1,54343,2,-3.0,-1.0,0.0,0.0,0,1.0,1.0,0,0)
DispatchTrackball(-1,54347,2,1.0,3.0,0.0,0.0,0,1.0,1.0,0,0)
DispatchTrackball(-1,54348,2,-4.0,4.0,0.0,0.0,0,1.0,1.0,0,0)
DispatchTrackball(-1,54348,2,-4.0,2.0,0.0,0.0,0,1.0,1.0,0,0)
DispatchTrackball(-1,54351,2,2.0,-5.0,0.0,0.0,0,1.0,1.0,0,0)
DispatchTrackball(-1,54351,2,1.0,0.0,0.0,0.0,0,1.0,1.0,0,0)
DispatchTrackball(-1,54353,2,3.0,-4.0,0.0,0.0,0,1.0,1.0,0,0)
DispatchTrackball(-1,54354,2,2.0,1.0,0.0,0.0,0,1.0,1.0,0,0)
DispatchTrackball(-1,54356,2,4.0,-2.0,0.0,0.0,0,1.0,1.0,0,0)
DispatchTrackball(-1,54357,2,-3.0,1.0,0.0,0.0,0,1.0,1.0,0,0)
DispatchPointer(54361,54362,0,151.0,392.0,0.0,0.0,0,1.0,1.0,0,0)
DispatchPointer(54361,54362,261,140.28079,388.93997,0.0,0.0,0,1.0,1.0,0,0)
DispatchPointer(54361,54363,2,124.24872,385.64862,0.0,0.0,0,1.0,1.0,0,0)
DispatchPointer(54361,54363,2,116.58971,382.08237,0.0,0.0,0,1.0,1.0,0,0)
DispatchPointer(54361,54364,2,109.78658,380.05096,0.0,0.0,0,1.0,1.0,0,0)
DispatchPointer(54361,54364,262,96.82538,378.66913,0.0,0.0,0,1.0,1.0,0,0)
DispatchPointer(54361,54364,1,87.78828,375.16608,0.0,0.0,0,1.0,1.0,0,0)
DispatchKey(54365,54365,0,20,0,0,-1,0)
DispatchKey(54376,54376,1,20,0,0,-1,0)
DispatchPointer(54379,54379,0,83.0,772.0,0.0,0.0,0,1.0,1.0,0,0)
DispatchPointer(54379,54380,2,77.95184,781.85516,0.0,0.0,0,1.0,1.0,0,0)
DispatchPointer(54379,54380,2,64.81074,801.70557,0.0,0.0,0,1.0,1.0,0,0)
DispatchPointer(54379,54381,2,45.216545,812.0344,0.0,0.0,0,1.0,1.0,0,0)
DispatchPointer(54379,54382,2,37.315002,830.3973,0.0,0.0,0,1.0,1.0,0,0)
DispatchPointer(54379,54383,1,36.863216,854.24915,0.0,0.0,0,1.0,1.0,0,0)
DispatchTrackball(-1,54388,2,-4.0,-4.0,0.0,0.0,0,1.0,1.0,0,0)
DispatchTrackball(-1,54391,2,-3.0,-5.0,0.0,0.0,0,1.0,1.0,0,0)
DispatchTrackball(-1,54392,2,-3.0,-4.0,0.0,0.0,0,1.0,1.0,0,0)
DispatchTrackball(-1,54392,2,1.0,1.0,0.0,0.0,0,1.0,1.0,0,0)
DispatchTrackball(-1,54393,2,-1.0,3.0,0.0,0.0,0,1.0,1.0,0,0)
DispatchTrackball(-1,54394,2,1.0,-1.0,0.0,0.0,0,1.0,1.0,0,0)
DispatchTrackball(-1,54394,2,3.0,-1.0,0.0,0.0,0,1.0,1.0,0,0)
DispatchTrackball(-1,54398,2,4.0,-4.0,0.0,0.0,0,1.0,1.0,0,0)
DispatchTrackball(-1,54398,2,4.0,-3.0,0.0,0.0,0,1.0,1.0,0,0)
DispatchTrackball(-1,54401,2,-5.0,-2.0,0.0,0.0,0,1.0,1.0,0,0)
DispatchKey(54404,54404,0,21,0,0,-1,0)
DispatchKey(54418,54418,1,21,0,0,-1,0)
DispatchKey(54422,54422,0,19,0,0,-1,0)
DispatchKey(54424,54424,1,19,0,0,-1,0)
GUIGen(3)
DispatchKey(59691,59691,0,24,0,0,-1,0)
DispatchKey(59693,59693,1,24,0,0,-1,0)
DispatchKey(59710,59710,0,21,0,0,-1,0)
DispatchKey(59711,59711,1,21,0,0,-1,0)
DispatchPointer(59713,59713,0,545.0,702.0,0.0,0.0,0,1.0,1.0,0,0)
DispatchPointer(59713,59713,261,547.8212,700.9596,0.0,0.0,0,1.0,1.0,0,0)
DispatchPointer(59713,59713,2,548.86163,687.86285,0.0,0.0,0,1.0,1.0,0,0)
DispatchPointer(59713,59714,2,556.78204,686.68787,0.0,0.0,0,1.0,1.0,0,0)
DispatchPointer(59713,59714,2,564.60126,680.0197,0.0,0.0,0,1.0,1.0,0,0)
DispatchPointer(59713,59714,2,566.4171,664.52374,0.0,0.0,0,1.0,1.0,0,0)
DispatchPointer(59713,59715,262,567.12305,652.54175,0.0,0.0,0,1.0,1.0,0,0)
DispatchPointer(59713,59715,1,569.70483,630.10065,0.0,0.0,0,1.0,1.0,0,0)
DispatchKey(59716,59716,0,82,0,0,-1,0)
DispatchKey(59718,59718,1,82,0,0,-1,0)
DispatchPointer(59727,59727,0,401.0,866.0,0.0,0.0,0,1.0,1.0,0,0)
DispatchPointer(59727,59728,1,400.3341,862.02795,0.0,0.0,0,1.0,1.0,0,0)
DispatchKey(59729,59729,0,21,0,0,-1,0)
DispatchKey(59737,59737,1,21,0,0,-1,0)
DispatchPointer(59738,59738,0,342.0,914.0,0.0,0.0,0,1.0,1.0,0,0)
DispatchPointer(59738,59739,1,344.50815,919.92505,0.0,0.0,0,1.0,1.0,0,0)
DispatchKey(59741,59741,0,82,0,0,-1,0)
DispatchKey(59755,59755,1,82,0,0,-1,0)
DispatchKey(60821,60821,0,23,0,0,-1,0)
DispatchKey(60822,60822,1,23,0,0,-1,0)
DispatchPointer(60823,60823,0,753.0,438.0,0.0,0.0,0,1.0,1.0,0,0)
DispatchPointer(60823,60824,2,766.9431,436.2233,0.0,0.0,0,1.0,1.0,0,0)
DispatchPointer(60823,60824,2,768.0,434.24014,0.0,0.0,0,1.0,1.0,0,0)
DispatchPointer(60823,60825,2,768.0,432.30792,0.0,0.0,0,1.0,1.0,0,0)
DispatchPointer(60823,60825,2,768.0,431.05014,0.0,0.0,0,1.0,1.0,0,0)
DispatchPointer(60823,60826,2,768.0,429.90143,0.0,0.0,0,1.0,1.0,0,0)
DispatchPointer(60823,60826,2,768.0,428.64835,0.0,0.0,0,1.0,1.0,0,0)
DispatchPointer(60823,60826,2,768.0,427.19537,0.0,0.0,0,1.0,1.0,0,0)
DispatchPointer(60823,60827,2,768.0,427.08356,0.0,0.0,0,1.0,1.0,0,0)
DispatchPointer(60823,60827,1,768.0,425.9922,0.0,0.0,0,1.0,1.0,0,0)
DispatchKey(60828,60828,0,23,0,0,-1,0)
DispatchKey(60828,60828,1,23,0,0,-1,0)
DispatchKey(60829,60829,0,19,0,0,-1,0)
DispatchKey(60829,60829,1,19,0,0,-1,0)
DispatchPointer(60830,60830,0,44.0,255.0,0.0,0.0,0,1.0,1.0,0,0)
DispatchPointer(60830,60831,2,42.803223,255.64938,0.0,0.0,0,1.0,1.0,0,0)
DispatchPointer(60830,60831,2,42.213966,260.79626,0.0,0.0,0,1.0,1.0,0,0)
DispatchPointer(60830,60831,2,40.1809,271.321,0.0,0.0,0,1.0,1.0,0,0)
DispatchPointer(60830,60831,2,40.044353,279.36298,0.0,0.0,0,1.0,1.0,0,0)
DispatchPointer(60830,60832,1,39.88062,287.10385,0.0,0.0,0,1.0,1.0,0,0)
DispatchTrackball(-1,60832,2,1.0,0.0,0.0,0.0,0,1.0,1.0,0,0)
DispatchTrackball(-1,60833,2,-1.0,3.0,0.0,0.0,0,1.0,1.0,0,0)
DispatchTrackball(-1,60833,2,-4.0,-4.0,0.0,0.0,0,1.0,1.0,0,0)
DispatchTrackball(-1,60833,2,-5.0,-2.0,0.0,0.0,0,1.0,1.0,0,0)
DispatchTrackball(-1,60834,2,-5.0,4.0,0.0,0.0,0,1.0,1.0,0,0)
DispatchTrackball(-1,60834,2,0.0,2.0,0.0,0.0,0,1.0,1.0,0,0)
DispatchTrackball(-1,60834,2,4.0,3.0,0.0,0.0,0,1.0,1.0,0,0)
DispatchTrackball(-1,60834,2,3.0,-5.0,0.0,0.0,0,1.0,1.0,0,0)
DispatchTrackball(-1,60835,2,0.0,1.0,0.0,0.0,0,1.0,1.0,0,0)
DispatchTrackball(-1,60836,2,3.0,0.0,0.0,0.0,0,1.0,1.0,0,0)
DispatchTrackball(60832,60837,0,0.0,0.0,0.0,0.0,0,1.0,1.0,0,0)
DispatchTrackball(60832,60838,1,0.0,0.0,0.0,0.0,0,1.0,1.0,0,0)
DispatchKey(60839,60839,0,19,0,0,-1,0)
DispatchKey(60848,60848,1,19,0,0,-1,0)
DispatchPointer(60854,60854,0,298.0,153.0,0.0,0.0,0,1.0,1.0,0,0)
DispatchPointer(60854,60855,1,317.32562,152.22104,0.0,0.0,0,1.0,1.0,0,0)
DispatchPointer(60858,60858,0,62.0,850.0,0.0,0.0,0,1.0,1.0,0,0)
DispatchPointer(60858,60860,261,61.966084,836.73456,0.0,0.0,0,1.0,1.0,0,0)
DispatchPointer(60858,60861,2,57.39703,836.29376,0.0,0.0,0,1.0,1.0,0,0)
DispatchPointer(60858,60861,2,52.341652,827.37463,0.0,0.0,0,1.0,1.0,0,0)
DispatchPointer(60858,60863,2,45.2734,825.2045,0.0,0.0,0,1.0,1.0,0,0)
DispatchPointer(60858,60863,2,37.244556,822.08923,0.0,0.0,0,1.0,1.0,0,0)
DispatchPointer(60858,60864,2,30.321438,813.5719,0.0,0.0,0,1.0,1.0,0,0)
DispatchPointer(60858,60864,2,28.270153,807.4953,0.0,0.0,0,1.0,1.0,0,0)
DispatchPointer(60858,60865,2,23.4572,806.7435,0.0,0.0,0,1.0,1.0,0,0)
DispatchPointer(60858,60865,2,22.25075,796.1025,0.0,0.0,0,1.0,1.0,0,0)
DispatchPointer(60858,60865,2,17.623892,794.5449,0.0,0.0,0,1.0,1.0,0,0)
DispatchPointer(60858,60866,262,13.351076,789.7316,0.0,0.0,0,1.0,1.0,0,0)
DispatchPointer(60858,60867,1,7.534843,781.2501,0.0,0.0,0,1.0,1.0,0,0)
DispatchKey(60869,60869,0,20,0,0,-1,0)
DispatchKey(60875,60875,1,20,0,0,-1,0)
DispatchKey(60882,60882,0,23,0,0,-1,0)
DispatchKey(60884,60884,1,23,0,0,-1,0)
DispatchKey(60900,60900,0,4,0,0,-1,0)
DispatchKey(60905,60905,1,4,0,0,-1,0)
DispatchTrackball(-1,60917,2,-2.0,-3.0,0.0,0.0,0,1.0,1.0,0,0)
DispatchTrackball(-1,61019,2,-5.0,4.0,0.0,0.0,0,1.0,1.0,0,0)
DispatchTrackball(-1,61021,2,-5.0,1.0,0.0,0.0,0,1.0,1.0,0,0)
DispatchTrackball(-1,61026,2,-5.0,-5.0,0.0,0.0,0,1.0,1.0,0,0)
DispatchTrackball(-1,61027,2,0.0,1.0,0.0,0.0,0,1.0,1.0,0,0)
DispatchTrackball(-1,61028,2,-3.0,-3.0,0.0,0.0,0,1.0,1.0,0,0)
DispatchTrackball(-1,61028,2,4.0,-1.0,0.0,0.0,0,1.0,1.0,0,0)
DispatchTrackball(-1,61029,2,-4.0,3.0,0.0,0.0,0,1.0,1.0,0,0)
DispatchTrackball(-1,61029,2,2.0,0.0,0.0,0.0,0,1.0,1.0,0,0)
DispatchTrackball(-1,61030,2,0.0,-1.0,0.0,0.0,0,1.0,1.0,0,0)
DispatchPointer(61030,61030,0,730.0,710.0,0.0,0.0,0,1.0,1.0,0,0)
DispatchPointer(61030,61031,2,711.663,710.73346,0.0,0.0,0,1.0,1.0,0,0)
DispatchPointer(61030,61032,2,702.6278,721.9159,0.0,0.0,0,1.0,1.0,0,0)
DispatchPointer(61030,61032,2,682.9811,728.14557,0.0,0.0,0,1.0,1.0,0,0)
DispatchPointer(61030,61032,2,663.8602,728.85034,0.0,0.0,0,1.0,1.0,0,0)
DispatchPointer(61030,61032,2,645.6349,729.03815,0.0,0.0,0,1.0,1.0,0,0)
DispatchPointer(61030,61033,1,640.6958,733.192,0.0,0.0,0,1.0,1.0,0,0)
