type= raw events
count= -1
speed= 1.0
start data >>
LaunchActivity(a2dp.Vol,a2dp.Vol.main)
DispatchKey(84841,84841,0,19,0,0,-1,0)
DispatchKey(85025,85025,1,19,0,0,-1,0)
GUIGen(3)
DispatchPointer(92754,92754,0,725.0,64.0,0.0,0.0,0,1.0,1.0,0,0)
DispatchPointer(92754,92755,1,728.27405,70.1365,0.0,0.0,0,1.0,1.0,0,0)
DispatchKey(92756,92756,0,22,0,0,-1,0)
DispatchKey(92774,92774,1,22,0,0,-1,0)
DispatchTrackball(-1,92777,2,-2.0,0.0,0.0,0.0,0,1.0,1.0,0,0)
DispatchTrackball(-1,92778,2,3.0,0.0,0.0,0.0,0,1.0,1.0,0,0)
DispatchTrackball(-1,92778,2,0.0,3.0,0.0,0.0,0,1.0,1.0,0,0)
DispatchTrackball(-1,92778,2,2.0,-3.0,0.0,0.0,0,1.0,1.0,0,0)
DispatchTrackball(-1,92778,2,4.0,-2.0,0.0,0.0,0,1.0,1.0,0,0)
DispatchTrackball(-1,92779,2,2.0,0.0,0.0,0.0,0,1.0,1.0,0,0)
DispatchTrackball(-1,92779,2,0.0,2.0,0.0,0.0,0,1.0,1.0,0,0)
DispatchTrackball(-1,92779,2,-4.0,-1.0,0.0,0.0,0,1.0,1.0,0,0)
DispatchTrackball(-1,92782,2,2.0,4.0,0.0,0.0,0,1.0,1.0,0,0)
DispatchTrackball(-1,92783,2,-3.0,-5.0,0.0,0.0,0,1.0,1.0,0,0)
DispatchTrackball(92777,92783,0,0.0,0.0,0.0,0.0,0,1.0,1.0,0,0)
DispatchTrackball(92777,92783,1,0.0,0.0,0.0,0.0,0,1.0,1.0,0,0)
DispatchTrackball(-1,92803,2,2.0,-5.0,0.0,0.0,0,1.0,1.0,0,0)
DispatchTrackball(-1,92811,2,4.0,-1.0,0.0,0.0,0,1.0,1.0,0,0)
DispatchTrackball(-1,92812,2,0.0,-3.0,0.0,0.0,0,1.0,1.0,0,0)
DispatchTrackball(-1,92812,2,-2.0,-5.0,0.0,0.0,0,1.0,1.0,0,0)
DispatchTrackball(-1,92813,2,0.0,-1.0,0.0,0.0,0,1.0,1.0,0,0)
DispatchTrackball(-1,92814,2,0.0,2.0,0.0,0.0,0,1.0,1.0,0,0)
DispatchTrackball(-1,92815,2,-3.0,3.0,0.0,0.0,0,1.0,1.0,0,0)
DispatchTrackball(-1,92815,2,-1.0,4.0,0.0,0.0,0,1.0,1.0,0,0)
DispatchTrackball(-1,92815,2,0.0,-3.0,0.0,0.0,0,1.0,1.0,0,0)
DispatchTrackball(-1,92816,2,-5.0,2.0,0.0,0.0,0,1.0,1.0,0,0)
DispatchKey(92818,92818,0,19,0,0,-1,0)
DispatchKey(92849,92849,1,19,0,0,-1,0)
DispatchTrackball(-1,92860,2,-4.0,0.0,0.0,0.0,0,1.0,1.0,0,0)
DispatchTrackball(-1,92861,2,2.0,-3.0,0.0,0.0,0,1.0,1.0,0,0)
DispatchTrackball(-1,92861,2,-2.0,-3.0,0.0,0.0,0,1.0,1.0,0,0)
DispatchTrackball(-1,92861,2,-1.0,-2.0,0.0,0.0,0,1.0,1.0,0,0)
DispatchTrackball(-1,92861,2,2.0,2.0,0.0,0.0,0,1.0,1.0,0,0)
DispatchTrackball(-1,92862,2,1.0,4.0,0.0,0.0,0,1.0,1.0,0,0)
DispatchTrackball(-1,92862,2,2.0,4.0,0.0,0.0,0,1.0,1.0,0,0)
DispatchTrackball(-1,92862,2,4.0,4.0,0.0,0.0,0,1.0,1.0,0,0)
DispatchTrackball(-1,92862,2,2.0,-4.0,0.0,0.0,0,1.0,1.0,0,0)
DispatchTrackball(-1,92863,2,-3.0,2.0,0.0,0.0,0,1.0,1.0,0,0)
DispatchKey(92863,92863,0,23,0,0,-1,0)
DispatchKey(92893,92893,1,23,0,0,-1,0)
DispatchKey(92894,92894,0,21,0,0,-1,0)
DispatchKey(92895,92895,1,21,0,0,-1,0)
DispatchKey(92896,92896,0,21,0,0,-1,0)
DispatchKey(92897,92897,1,21,0,0,-1,0)
DispatchKey(92897,92897,0,138,0,0,-1,0)
DispatchKey(92898,92898,1,138,0,0,-1,0)
DispatchTrackball(-1,92899,2,-2.0,-4.0,0.0,0.0,0,1.0,1.0,0,0)
DispatchTrackball(-1,92902,2,2.0,-4.0,0.0,0.0,0,1.0,1.0,0,0)
DispatchTrackball(-1,92902,2,-2.0,2.0,0.0,0.0,0,1.0,1.0,0,0)
DispatchTrackball(-1,92904,2,-3.0,2.0,0.0,0.0,0,1.0,1.0,0,0)
DispatchTrackball(-1,92905,2,1.0,-3.0,0.0,0.0,0,1.0,1.0,0,0)
DispatchTrackball(-1,92906,2,4.0,1.0,0.0,0.0,0,1.0,1.0,0,0)
DispatchTrackball(-1,92907,2,0.0,-3.0,0.0,0.0,0,1.0,1.0,0,0)
DispatchTrackball(-1,92907,2,4.0,-5.0,0.0,0.0,0,1.0,1.0,0,0)
DispatchTrackball(-1,92908,2,-3.0,-1.0,0.0,0.0,0,1.0,1.0,0,0)
DispatchTrackball(-1,92909,2,-5.0,-5.0,0.0,0.0,0,1.0,1.0,0,0)
DispatchKey(92911,92911,0,177,0,0,-1,0)
DispatchKey(92917,92917,1,177,0,0,-1,0)
DispatchKey(92920,92920,0,19,0,0,-1,0)
DispatchKey(92922,92922,1,19,0,0,-1,0)
DispatchPointer(92924,92924,0,190.0,806.0,0.0,0.0,0,1.0,1.0,0,0)
DispatchPointer(92924,92926,1,200.80049,808.97754,0.0,0.0,0,1.0,1.0,0,0)
DispatchPointer(92931,92931,0,187.0,968.0,0.0,0.0,0,1.0,1.0,0,0)
DispatchPointer(92931,92932,2,183.54791,960.3272,0.0,0.0,0,1.0,1.0,0,0)
DispatchPointer(92931,92932,2,178.85861,956.13586,0.0,0.0,0,1.0,1.0,0,0)
DispatchPointer(92931,92933,2,176.76195,947.4051,0.0,0.0,0,1.0,1.0,0,0)
DispatchPointer(92931,92933,2,172.53253,938.5279,0.0,0.0,0,1.0,1.0,0,0)
DispatchPointer(92931,92933,2,171.5639,930.52606,0.0,0.0,0,1.0,1.0,0,0)
DispatchPointer(92931,92934,1,169.90956,923.2382,0.0,0.0,0,1.0,1.0,0,0)
DispatchPointer(92936,92936,0,24.0,646.0,0.0,0.0,0,1.0,1.0,0,0)
DispatchPointer(92936,92937,1,24.150312,651.92377,0.0,0.0,0,1.0,1.0,0,0)
DispatchPointer(92938,92938,0,365.0,151.0,0.0,0.0,0,1.0,1.0,0,0)
DispatchPointer(92938,92941,1,363.29077,159.0084,0.0,0.0,0,1.0,1.0,0,0)
DispatchKey(92945,92945,0,21,0,0,-1,0)
DispatchKey(92953,92953,1,21,0,0,-1,0)
DispatchKey(92976,92976,0,58,0,0,-1,0)
DispatchKey(92977,92977,1,58,0,0,-1,0)
DispatchPointer(92977,92977,0,30.0,1109.0,0.0,0.0,0,1.0,1.0,0,0)
DispatchPointer(92977,92980,2,10.216131,1108.1517,0.0,0.0,0,1.0,1.0,0,0)
DispatchPointer(92977,92980,2,1.9921637,1107.0323,0.0,0.0,0,1.0,1.0,0,0)
DispatchPointer(92977,92981,2,0.0,1106.3358,0.0,0.0,0,1.0,1.0,0,0)
DispatchPointer(92977,92981,2,0.0,1106.035,0.0,0.0,0,1.0,1.0,0,0)
DispatchPointer(92977,92981,2,0.0,1105.8744,0.0,0.0,0,1.0,1.0,0,0)
DispatchPointer(92977,92981,2,0.0,1105.3602,0.0,0.0,0,1.0,1.0,0,0)
DispatchPointer(92977,92982,2,0.0,1104.9061,0.0,0.0,0,1.0,1.0,0,0)
DispatchPointer(92977,92982,1,0.0,1103.8363,0.0,0.0,0,1.0,1.0,0,0)
DispatchKey(92985,92985,0,22,0,0,-1,0)
DispatchKey(92990,92990,1,22,0,0,-1,0)
DispatchKey(94125,94125,0,178,0,0,-1,0)
DispatchKey(94126,94126,1,178,0,0,-1,0)
DispatchKey(94127,94127,0,89,0,0,-1,0)
DispatchKey(94128,94128,1,89,0,0,-1,0)
DispatchPointer(94140,94140,0,665.0,260.0,0.0,0.0,0,1.0,1.0,0,0)
DispatchPointer(94140,94143,2,661.49713,261.08267,0.0,0.0,0,1.0,1.0,0,0)
DispatchPointer(94140,94143,2,658.70605,266.12024,0.0,0.0,0,1.0,1.0,0,0)
DispatchPointer(94140,94144,2,646.141,270.7613,0.0,0.0,0,1.0,1.0,0,0)
DispatchPointer(94140,94144,2,637.2147,275.75793,0.0,0.0,0,1.0,1.0,0,0)
DispatchPointer(94140,94145,2,634.6789,282.99655,0.0,0.0,0,1.0,1.0,0,0)
DispatchPointer(94140,94146,2,624.19,288.46365,0.0,0.0,0,1.0,1.0,0,0)
DispatchPointer(94140,94146,2,618.9096,291.32706,0.0,0.0,0,1.0,1.0,0,0)
DispatchPointer(94140,94147,2,610.2598,294.91373,0.0,0.0,0,1.0,1.0,0,0)
DispatchPointer(94140,94147,1,609.874,303.41406,0.0,0.0,0,1.0,1.0,0,0)
DispatchKey(94148,94148,0,22,0,0,-1,0)
DispatchKey(94149,94149,1,22,0,0,-1,0)
DispatchKey(94150,94150,0,23,0,0,-1,0)
DispatchKey(94151,94151,1,23,0,0,-1,0)
DispatchPointer(94171,94171,0,109.0,747.0,0.0,0.0,0,1.0,1.0,0,0)
DispatchPointer(94171,94173,1,109.48183,751.7802,0.0,0.0,0,1.0,1.0,0,0)
DispatchTrackball(-1,94174,2,-3.0,4.0,0.0,0.0,0,1.0,1.0,0,0)
DispatchTrackball(-1,94175,2,-3.0,-4.0,0.0,0.0,0,1.0,1.0,0,0)
DispatchTrackball(-1,94178,2,-2.0,3.0,0.0,0.0,0,1.0,1.0,0,0)
DispatchTrackball(-1,94179,2,1.0,2.0,0.0,0.0,0,1.0,1.0,0,0)
DispatchTrackball(-1,94180,2,-2.0,1.0,0.0,0.0,0,1.0,1.0,0,0)
DispatchTrackball(-1,94181,2,-3.0,3.0,0.0,0.0,0,1.0,1.0,0,0)
DispatchTrackball(-1,94181,2,3.0,2.0,0.0,0.0,0,1.0,1.0,0,0)
DispatchTrackball(-1,94182,2,1.0,0.0,0.0,0.0,0,1.0,1.0,0,0)
DispatchTrackball(-1,94182,2,1.0,4.0,0.0,0.0,0,1.0,1.0,0,0)
DispatchTrackball(-1,94182,2,-2.0,-2.0,0.0,0.0,0,1.0,1.0,0,0)
DispatchKey(94183,94183,0,23,0,0,-1,0)
DispatchKey(94211,94211,1,23,0,0,-1,0)
DispatchKey(94214,94214,0,198,0,0,-1,0)
DispatchKey(94219,94219,1,198,0,0,-1,0)
DispatchTrackball(-1,94242,2,2.0,-4.0,0.0,0.0,0,1.0,1.0,0,0)
DispatchTrackball(-1,94242,2,3.0,4.0,0.0,0.0,0,1.0,1.0,0,0)
DispatchTrackball(-1,94243,2,-1.0,-2.0,0.0,0.0,0,1.0,1.0,0,0)
DispatchTrackball(-1,94243,2,-3.0,0.0,0.0,0.0,0,1.0,1.0,0,0)
DispatchTrackball(-1,94244,2,-1.0,1.0,0.0,0.0,0,1.0,1.0,0,0)
DispatchTrackball(-1,94244,2,-1.0,-1.0,0.0,0.0,0,1.0,1.0,0,0)
DispatchTrackball(-1,94244,2,-4.0,4.0,0.0,0.0,0,1.0,1.0,0,0)
DispatchTrackball(-1,94244,2,3.0,0.0,0.0,0.0,0,1.0,1.0,0,0)
DispatchTrackball(-1,94245,2,2.0,2.0,0.0,0.0,0,1.0,1.0,0,0)
DispatchTrackball(-1,94245,2,-1.0,-4.0,0.0,0.0,0,1.0,1.0,0,0)
DispatchTrackball(-1,94246,2,-1.0,-5.0,0.0,0.0,0,1.0,1.0,0,0)
DispatchTrackball(-1,94248,2,-3.0,-5.0,0.0,0.0,0,1.0,1.0,0,0)
DispatchTrackball(-1,94248,2,4.0,0.0,0.0,0.0,0,1.0,1.0,0,0)
DispatchTrackball(-1,94248,2,1.0,0.0,0.0,0.0,0,1.0,1.0,0,0)
DispatchTrackball(-1,94249,2,-4.0,-5.0,0.0,0.0,0,1.0,1.0,0,0)
DispatchTrackball(-1,94249,2,2.0,4.0,0.0,0.0,0,1.0,1.0,0,0)
DispatchTrackball(-1,94250,2,-1.0,0.0,0.0,0.0,0,1.0,1.0,0,0)
DispatchTrackball(-1,94250,2,2.0,2.0,0.0,0.0,0,1.0,1.0,0,0)
DispatchTrackball(-1,94251,2,3.0,-1.0,0.0,0.0,0,1.0,1.0,0,0)
DispatchTrackball(-1,94251,2,-3.0,4.0,0.0,0.0,0,1.0,1.0,0,0)
DispatchKey(94252,94252,0,82,0,0,-1,0)
DispatchKey(94274,94274,1,82,0,0,-1,0)
DispatchKey(94279,94279,0,1,0,0,-1,0)
DispatchKey(94286,94286,1,1,0,0,-1,0)
DispatchKey(94288,94288,0,19,0,0,-1,0)
DispatchKey(94289,94289,1,19,0,0,-1,0)
DispatchTrackball(-1,94291,2,4.0,0.0,0.0,0.0,0,1.0,1.0,0,0)
DispatchTrackball(-1,94291,2,-4.0,-5.0,0.0,0.0,0,1.0,1.0,0,0)
DispatchTrackball(-1,94292,2,-3.0,-2.0,0.0,0.0,0,1.0,1.0,0,0)
DispatchTrackball(-1,94294,2,-1.0,0.0,0.0,0.0,0,1.0,1.0,0,0)
DispatchTrackball(-1,94296,2,-5.0,4.0,0.0,0.0,0,1.0,1.0,0,0)
DispatchTrackball(-1,94297,2,-1.0,-2.0,0.0,0.0,0,1.0,1.0,0,0)
DispatchTrackball(-1,94297,2,4.0,-1.0,0.0,0.0,0,1.0,1.0,0,0)
DispatchTrackball(-1,94297,2,0.0,0.0,0.0,0.0,0,1.0,1.0,0,0)
DispatchTrackball(-1,94297,2,3.0,-1.0,0.0,0.0,0,1.0,1.0,0,0)
DispatchTrackball(-1,94297,2,-2.0,-5.0,0.0,0.0,0,1.0,1.0,0,0)
DispatchKey(94298,94298,0,23,0,0,-1,0)
DispatchKey(94321,94321,1,23,0,0,-1,0)
DispatchKey(94322,94322,0,82,0,0,-1,0)
DispatchKey(94640,94640,1,82,0,0,-1,0)
DispatchPointer(94909,94909,0,516.0,390.0,0.0,0.0,0,1.0,1.0,0,0)
DispatchPointer(94909,94911,261,516.6843,385.34485,0.0,0.0,0,1.0,1.0,0,0)
DispatchPointer(94909,94911,262,517.5423,381.85083,0.0,0.0,0,1.0,1.0,0,0)
DispatchPointer(94909,94912,1,519.32104,370.89212,0.0,0.0,0,1.0,1.0,0,0)
DispatchKey(94916,94916,0,21,0,0,-1,0)
DispatchKey(94952,94952,1,21,0,0,-1,0)
DispatchTrackball(-1,94954,2,-3.0,-2.0,0.0,0.0,0,1.0,1.0,0,0)
DispatchTrackball(-1,94955,2,-1.0,4.0,0.0,0.0,0,1.0,1.0,0,0)
DispatchTrackball(-1,94957,2,4.0,4.0,0.0,0.0,0,1.0,1.0,0,0)
DispatchTrackball(-1,94957,2,-4.0,3.0,0.0,0.0,0,1.0,1.0,0,0)
DispatchTrackball(-1,94957,2,1.0,0.0,0.0,0.0,0,1.0,1.0,0,0)
DispatchTrackball(-1,94958,2,3.0,-5.0,0.0,0.0,0,1.0,1.0,0,0)
DispatchTrackball(-1,94958,2,-3.0,4.0,0.0,0.0,0,1.0,1.0,0,0)
DispatchTrackball(-1,94958,2,4.0,4.0,0.0,0.0,0,1.0,1.0,0,0)
DispatchTrackball(-1,94959,2,4.0,2.0,0.0,0.0,0,1.0,1.0,0,0)
DispatchTrackball(-1,94959,2,0.0,-5.0,0.0,0.0,0,1.0,1.0,0,0)
DispatchKey(94959,94959,0,22,0,0,-1,0)
DispatchKey(95135,95135,1,22,0,0,-1,0)
DispatchKey(95147,95147,0,22,0,0,-1,0)
DispatchKey(95187,95187,1,22,0,0,-1,0)
DispatchTrackball(-1,95195,2,-2.0,0.0,0.0,0.0,0,1.0,1.0,0,0)
DispatchTrackball(-1,95196,2,-5.0,-5.0,0.0,0.0,0,1.0,1.0,0,0)
DispatchTrackball(-1,95196,2,2.0,4.0,0.0,0.0,0,1.0,1.0,0,0)
DispatchTrackball(-1,95197,2,2.0,0.0,0.0,0.0,0,1.0,1.0,0,0)
DispatchTrackball(-1,95197,2,-3.0,-2.0,0.0,0.0,0,1.0,1.0,0,0)
DispatchTrackball(-1,95197,2,3.0,1.0,0.0,0.0,0,1.0,1.0,0,0)
DispatchTrackball(-1,95198,2,0.0,0.0,0.0,0.0,0,1.0,1.0,0,0)
DispatchTrackball(-1,95198,2,3.0,-2.0,0.0,0.0,0,1.0,1.0,0,0)
DispatchTrackball(-1,95198,2,2.0,-5.0,0.0,0.0,0,1.0,1.0,0,0)
DispatchTrackball(-1,95198,2,0.0,1.0,0.0,0.0,0,1.0,1.0,0,0)
DispatchKey(95199,95199,0,21,0,0,-1,0)
DispatchKey(95235,95235,1,21,0,0,-1,0)
DispatchKey(95238,95238,0,124,0,0,-1,0)
DispatchKey(95239,95239,1,124,0,0,-1,0)
DispatchKey(95240,95240,0,22,0,0,-1,0)
DispatchKey(95241,95241,1,22,0,0,-1,0)
DispatchKey(95242,95242,0,23,0,0,-1,0)
DispatchKey(95242,95242,1,23,0,0,-1,0)
DispatchPointer(95243,95243,0,57.0,768.0,0.0,0.0,0,1.0,1.0,0,0)
DispatchPointer(95243,95244,1,39.28195,769.70123,0.0,0.0,0,1.0,1.0,0,0)
DispatchKey(95244,95244,0,19,0,0,-1,0)
DispatchKey(95251,95251,1,19,0,0,-1,0)
GUIGen(9)
DispatchPointer(105234,105234,0,615.0,595.0,0.0,0.0,0,1.0,1.0,0,0)
DispatchPointer(105234,105235,1,620.8024,592.8458,0.0,0.0,0,1.0,1.0,0,0)
DispatchTrackball(-1,105236,2,4.0,-3.0,0.0,0.0,0,1.0,1.0,0,0)
DispatchTrackball(-1,105236,2,-2.0,-2.0,0.0,0.0,0,1.0,1.0,0,0)
DispatchTrackball(-1,105237,2,2.0,-5.0,0.0,0.0,0,1.0,1.0,0,0)
DispatchTrackball(-1,105237,2,1.0,-2.0,0.0,0.0,0,1.0,1.0,0,0)
DispatchTrackball(-1,105237,2,-1.0,-1.0,0.0,0.0,0,1.0,1.0,0,0)
DispatchTrackball(-1,105238,2,-3.0,-3.0,0.0,0.0,0,1.0,1.0,0,0)
DispatchTrackball(-1,105238,2,0.0,0.0,0.0,0.0,0,1.0,1.0,0,0)
DispatchTrackball(-1,105238,2,-5.0,-5.0,0.0,0.0,0,1.0,1.0,0,0)
DispatchTrackball(-1,105239,2,4.0,0.0,0.0,0.0,0,1.0,1.0,0,0)
DispatchTrackball(-1,105239,2,3.0,0.0,0.0,0.0,0,1.0,1.0,0,0)
DispatchKey(105239,105239,0,20,0,0,-1,0)
DispatchKey(105287,105287,1,20,0,0,-1,0)
DispatchPointer(105290,105290,0,729.0,522.0,0.0,0.0,0,1.0,1.0,0,0)
DispatchPointer(105290,105292,1,734.14703,526.41174,0.0,0.0,0,1.0,1.0,0,0)
DispatchKey(105294,105294,0,164,0,0,-1,0)
DispatchKey(105295,105295,1,164,0,0,-1,0)
DispatchKey(105296,105296,0,22,0,0,-1,0)
DispatchKey(105297,105297,1,22,0,0,-1,0)
DispatchPointer(105297,105297,0,93.0,1174.0,0.0,0.0,0,1.0,1.0,0,0)
DispatchPointer(105297,105298,2,101.656395,1166.1176,0.0,0.0,0,1.0,1.0,0,0)
DispatchPointer(105297,105298,2,110.49076,1146.3823,0.0,0.0,0,1.0,1.0,0,0)
DispatchPointer(105297,105298,1,124.48665,1143.9343,0.0,0.0,0,1.0,1.0,0,0)
DispatchPointer(105299,105299,0,48.0,1050.0,0.0,0.0,0,1.0,1.0,0,0)
DispatchPointer(105299,105300,1,56.181023,1046.7142,0.0,0.0,0,1.0,1.0,0,0)
DispatchKey(105303,105303,0,82,0,0,-1,0)
DispatchKey(105349,105349,1,82,0,0,-1,0)
DispatchKey(105364,105364,0,12,0,0,-1,0)
DispatchKey(105365,105365,1,12,0,0,-1,0)
DispatchTrackball(-1,105366,2,0.0,-1.0,0.0,0.0,0,1.0,1.0,0,0)
DispatchTrackball(-1,105367,2,4.0,1.0,0.0,0.0,0,1.0,1.0,0,0)
DispatchTrackball(-1,105368,2,-2.0,2.0,0.0,0.0,0,1.0,1.0,0,0)
DispatchTrackball(-1,105368,2,-5.0,3.0,0.0,0.0,0,1.0,1.0,0,0)
DispatchTrackball(-1,105368,2,-1.0,-2.0,0.0,0.0,0,1.0,1.0,0,0)
DispatchTrackball(-1,105369,2,-4.0,3.0,0.0,0.0,0,1.0,1.0,0,0)
DispatchTrackball(-1,105370,2,1.0,-5.0,0.0,0.0,0,1.0,1.0,0,0)
DispatchTrackball(-1,105371,2,-5.0,4.0,0.0,0.0,0,1.0,1.0,0,0)
DispatchTrackball(-1,105371,2,-2.0,0.0,0.0,0.0,0,1.0,1.0,0,0)
DispatchTrackball(-1,105372,2,-1.0,0.0,0.0,0.0,0,1.0,1.0,0,0)
DispatchTrackball(-1,105372,2,3.0,-1.0,0.0,0.0,0,1.0,1.0,0,0)
DispatchTrackball(-1,105374,2,-4.0,-3.0,0.0,0.0,0,1.0,1.0,0,0)
DispatchTrackball(-1,105375,2,4.0,1.0,0.0,0.0,0,1.0,1.0,0,0)
DispatchTrackball(-1,105375,2,3.0,3.0,0.0,0.0,0,1.0,1.0,0,0)
DispatchTrackball(-1,105376,2,1.0,2.0,0.0,0.0,0,1.0,1.0,0,0)
DispatchTrackball(-1,105376,2,-5.0,2.0,0.0,0.0,0,1.0,1.0,0,0)
DispatchTrackball(-1,105376,2,4.0,-2.0,0.0,0.0,0,1.0,1.0,0,0)
DispatchTrackball(-1,105377,2,-5.0,-4.0,0.0,0.0,0,1.0,1.0,0,0)
DispatchTrackball(-1,105377,2,4.0,4.0,0.0,0.0,0,1.0,1.0,0,0)
DispatchTrackball(-1,105382,2,4.0,1.0,0.0,0.0,0,1.0,1.0,0,0)
DispatchPointer(105383,105383,0,359.0,1152.0,0.0,0.0,0,1.0,1.0,0,0)
DispatchPointer(105383,105383,1,353.70468,1158.207,0.0,0.0,0,1.0,1.0,0,0)
DispatchKey(105384,105384,0,21,0,0,-1,0)
DispatchKey(105426,105426,1,21,0,0,-1,0)
DispatchKey(105427,105427,0,99,0,0,-1,0)
DispatchKey(105428,105428,1,99,0,0,-1,0)
DispatchPointer(105429,105429,0,705.0,930.0,0.0,0.0,0,1.0,1.0,0,0)
DispatchPointer(105429,105429,1,700.00165,922.9932,0.0,0.0,0,1.0,1.0,0,0)
DispatchKey(105430,105430,0,23,0,0,-1,0)
DispatchKey(105450,105450,1,23,0,0,-1,0)
DispatchKey(105451,105451,0,100,0,0,-1,0)
DispatchKey(105465,105465,1,100,0,0,-1,0)
DispatchPointer(105466,105466,0,141.0,735.0,0.0,0.0,0,1.0,1.0,0,0)
DispatchPointer(105466,105467,1,128.2438,717.5316,0.0,0.0,0,1.0,1.0,0,0)
DispatchTrackball(-1,105497,2,4.0,3.0,0.0,0.0,0,1.0,1.0,0,0)
DispatchTrackball(-1,105513,2,-2.0,-4.0,0.0,0.0,0,1.0,1.0,0,0)
DispatchTrackball(-1,105514,2,1.0,-1.0,0.0,0.0,0,1.0,1.0,0,0)
DispatchTrackball(-1,105514,2,-1.0,3.0,0.0,0.0,0,1.0,1.0,0,0)
DispatchTrackball(-1,105515,2,4.0,4.0,0.0,0.0,0,1.0,1.0,0,0)
