type= raw events
count= -1
speed= 1.0
start data >>
LaunchActivity(a2dp.Vol,a2dp.Vol.main)
DispatchPointer(244663,244663,0,216.0,632.0,0.0,0.0,0,1.0,1.0,0,0)
DispatchPointer(244663,244689,1,204.56425,617.39685,0.0,0.0,0,1.0,1.0,0,0)
DispatchTrackball(-1,244696,2,4.0,-5.0,0.0,0.0,0,1.0,1.0,0,0)
DispatchTrackball(-1,245017,2,0.0,3.0,0.0,0.0,0,1.0,1.0,0,0)
DispatchTrackball(-1,245018,2,3.0,0.0,0.0,0.0,0,1.0,1.0,0,0)
DispatchTrackball(-1,245019,2,-4.0,0.0,0.0,0.0,0,1.0,1.0,0,0)
DispatchTrackball(-1,245020,2,4.0,0.0,0.0,0.0,0,1.0,1.0,0,0)
DispatchTrackball(-1,245021,2,2.0,-3.0,0.0,0.0,0,1.0,1.0,0,0)
DispatchTrackball(-1,245022,2,-2.0,-3.0,0.0,0.0,0,1.0,1.0,0,0)
DispatchTrackball(-1,245022,2,-2.0,0.0,0.0,0.0,0,1.0,1.0,0,0)
DispatchTrackball(-1,245022,2,0.0,-1.0,0.0,0.0,0,1.0,1.0,0,0)
DispatchTrackball(-1,245023,2,0.0,0.0,0.0,0.0,0,1.0,1.0,0,0)
DispatchTrackball(-1,245024,2,1.0,-4.0,0.0,0.0,0,1.0,1.0,0,0)
DispatchTrackball(-1,245025,2,1.0,0.0,0.0,0.0,0,1.0,1.0,0,0)
DispatchTrackball(-1,245026,2,0.0,3.0,0.0,0.0,0,1.0,1.0,0,0)
DispatchTrackball(-1,245027,2,1.0,-5.0,0.0,0.0,0,1.0,1.0,0,0)
DispatchTrackball(-1,245028,2,4.0,-4.0,0.0,0.0,0,1.0,1.0,0,0)
DispatchTrackball(-1,245029,2,-4.0,2.0,0.0,0.0,0,1.0,1.0,0,0)
DispatchTrackball(-1,245038,2,2.0,3.0,0.0,0.0,0,1.0,1.0,0,0)
DispatchTrackball(-1,245040,2,-1.0,0.0,0.0,0.0,0,1.0,1.0,0,0)
DispatchTrackball(-1,245043,2,3.0,1.0,0.0,0.0,0,1.0,1.0,0,0)
DispatchTrackball(-1,245044,2,-5.0,-2.0,0.0,0.0,0,1.0,1.0,0,0)
DispatchKey(245045,245045,0,23,0,0,-1,0)
DispatchKey(245063,245063,1,23,0,0,-1,0)
DispatchPointer(245093,245093,0,424.0,924.0,0.0,0.0,0,1.0,1.0,0,0)
DispatchPointer(245093,245094,1,425.4561,915.7689,0.0,0.0,0,1.0,1.0,0,0)
DispatchKey(245097,245097,0,22,0,0,-1,0)
DispatchKey(245098,245098,1,22,0,0,-1,0)
DispatchPointer(245102,245102,0,130.0,439.0,0.0,0.0,0,1.0,1.0,0,0)
DispatchPointer(245102,245104,2,117.11281,423.04636,0.0,0.0,0,1.0,1.0,0,0)
DispatchPointer(245102,245107,2,110.24131,414.80945,0.0,0.0,0,1.0,1.0,0,0)
DispatchPointer(245102,245109,2,102.38109,398.8016,0.0,0.0,0,1.0,1.0,0,0)
DispatchPointer(245102,245109,2,99.880455,392.95227,0.0,0.0,0,1.0,1.0,0,0)
DispatchPointer(245102,245110,2,99.15492,385.59082,0.0,0.0,0,1.0,1.0,0,0)
DispatchPointer(245102,245112,2,87.49368,362.2239,0.0,0.0,0,1.0,1.0,0,0)
DispatchPointer(245102,245113,2,82.460556,351.5619,0.0,0.0,0,1.0,1.0,0,0)
DispatchPointer(245102,245113,2,82.26408,335.8706,0.0,0.0,0,1.0,1.0,0,0)
DispatchPointer(245102,245114,2,72.097305,317.44904,0.0,0.0,0,1.0,1.0,0,0)
DispatchPointer(245102,245114,1,61.64709,314.48288,0.0,0.0,0,1.0,1.0,0,0)
DispatchTrackball(-1,245115,2,-1.0,-5.0,0.0,0.0,0,1.0,1.0,0,0)
DispatchTrackball(-1,245116,2,1.0,-2.0,0.0,0.0,0,1.0,1.0,0,0)
DispatchTrackball(-1,245117,2,-5.0,-2.0,0.0,0.0,0,1.0,1.0,0,0)
DispatchTrackball(-1,245120,2,-1.0,-4.0,0.0,0.0,0,1.0,1.0,0,0)
DispatchTrackball(-1,245121,2,-4.0,4.0,0.0,0.0,0,1.0,1.0,0,0)
DispatchTrackball(-1,245122,2,-5.0,2.0,0.0,0.0,0,1.0,1.0,0,0)
DispatchTrackball(-1,245123,2,1.0,-5.0,0.0,0.0,0,1.0,1.0,0,0)
DispatchTrackball(-1,245124,2,1.0,-3.0,0.0,0.0,0,1.0,1.0,0,0)
DispatchTrackball(-1,245125,2,3.0,-3.0,0.0,0.0,0,1.0,1.0,0,0)
DispatchTrackball(-1,245126,2,-1.0,-2.0,0.0,0.0,0,1.0,1.0,0,0)
DispatchKey(245132,245132,0,127,0,0,-1,0)
DispatchKey(245172,245172,1,127,0,0,-1,0)
LaunchActivity(a2dp.Vol,a2dp.Vol.main)
DispatchPointer(245195,245195,0,476.0,515.0,0.0,0.0,0,1.0,1.0,0,0)
DispatchPointer(245195,245197,2,472.57172,533.82367,0.0,0.0,0,1.0,1.0,0,0)
DispatchPointer(245195,245199,2,464.8728,535.01447,0.0,0.0,0,1.0,1.0,0,0)
DispatchPointer(245195,245200,2,458.70496,537.5378,0.0,0.0,0,1.0,1.0,0,0)
DispatchPointer(245195,245201,1,452.32562,550.3038,0.0,0.0,0,1.0,1.0,0,0)
DispatchTrackball(-1,245205,2,-5.0,4.0,0.0,0.0,0,1.0,1.0,0,0)
DispatchTrackball(-1,245210,2,0.0,3.0,0.0,0.0,0,1.0,1.0,0,0)
DispatchTrackball(-1,245211,2,1.0,0.0,0.0,0.0,0,1.0,1.0,0,0)
DispatchTrackball(-1,245215,2,4.0,-3.0,0.0,0.0,0,1.0,1.0,0,0)
DispatchTrackball(-1,245217,2,2.0,-3.0,0.0,0.0,0,1.0,1.0,0,0)
DispatchTrackball(-1,245218,2,3.0,4.0,0.0,0.0,0,1.0,1.0,0,0)
DispatchTrackball(-1,245219,2,0.0,4.0,0.0,0.0,0,1.0,1.0,0,0)
DispatchTrackball(-1,245219,2,4.0,-3.0,0.0,0.0,0,1.0,1.0,0,0)
DispatchTrackball(-1,245226,2,-2.0,2.0,0.0,0.0,0,1.0,1.0,0,0)
DispatchTrackball(-1,245229,2,2.0,0.0,0.0,0.0,0,1.0,1.0,0,0)
DispatchKey(245231,245231,0,22,0,0,-1,0)
DispatchKey(245338,245338,1,22,0,0,-1,0)
DispatchTrackball(-1,245367,2,-1.0,2.0,0.0,0.0,0,1.0,1.0,0,0)
DispatchTrackball(-1,245371,2,4.0,-3.0,0.0,0.0,0,1.0,1.0,0,0)
DispatchTrackball(-1,245389,2,-3.0,-3.0,0.0,0.0,0,1.0,1.0,0,0)
DispatchTrackball(-1,245392,2,-1.0,3.0,0.0,0.0,0,1.0,1.0,0,0)
DispatchTrackball(-1,245393,2,3.0,-5.0,0.0,0.0,0,1.0,1.0,0,0)
DispatchTrackball(-1,245403,2,-1.0,0.0,0.0,0.0,0,1.0,1.0,0,0)
DispatchTrackball(-1,245403,2,-4.0,2.0,0.0,0.0,0,1.0,1.0,0,0)
DispatchTrackball(-1,245408,2,3.0,2.0,0.0,0.0,0,1.0,1.0,0,0)
DispatchTrackball(-1,245408,2,1.0,3.0,0.0,0.0,0,1.0,1.0,0,0)
DispatchTrackball(-1,245411,2,-5.0,4.0,0.0,0.0,0,1.0,1.0,0,0)
DispatchKey(245411,245411,0,20,0,0,-1,0)
DispatchKey(245425,245425,1,20,0,0,-1,0)
DispatchKey(245432,245432,0,170,0,0,-1,0)
DispatchKey(245443,245443,1,170,0,0,-1,0)
DispatchPointer(245464,245464,0,556.0,911.0,0.0,0.0,0,1.0,1.0,0,0)
DispatchPointer(245464,245465,1,556.44403,911.00195,0.0,0.0,0,1.0,1.0,0,0)
DispatchTrackball(-1,245466,2,-2.0,4.0,0.0,0.0,0,1.0,1.0,0,0)
DispatchTrackball(-1,245471,2,-2.0,0.0,0.0,0.0,0,1.0,1.0,0,0)
DispatchTrackball(-1,245472,2,-3.0,3.0,0.0,0.0,0,1.0,1.0,0,0)
DispatchTrackball(-1,245473,2,-5.0,2.0,0.0,0.0,0,1.0,1.0,0,0)
DispatchTrackball(-1,245474,2,-3.0,-1.0,0.0,0.0,0,1.0,1.0,0,0)
DispatchTrackball(-1,245475,2,-1.0,-2.0,0.0,0.0,0,1.0,1.0,0,0)
DispatchTrackball(-1,245477,2,-2.0,4.0,0.0,0.0,0,1.0,1.0,0,0)
DispatchTrackball(-1,245477,2,-5.0,1.0,0.0,0.0,0,1.0,1.0,0,0)
DispatchTrackball(-1,245478,2,-5.0,-1.0,0.0,0.0,0,1.0,1.0,0,0)
DispatchTrackball(-1,245480,2,-1.0,2.0,0.0,0.0,0,1.0,1.0,0,0)
DispatchPointer(245481,245481,0,375.0,736.0,0.0,0.0,0,1.0,1.0,0,0)
DispatchPointer(245481,245484,1,381.92538,725.54974,0.0,0.0,0,1.0,1.0,0,0)
DispatchTrackball(-1,245492,2,-1.0,-2.0,0.0,0.0,0,1.0,1.0,0,0)
DispatchTrackball(-1,245495,2,-3.0,1.0,0.0,0.0,0,1.0,1.0,0,0)
DispatchTrackball(-1,245496,2,0.0,1.0,0.0,0.0,0,1.0,1.0,0,0)
DispatchTrackball(-1,245497,2,0.0,-5.0,0.0,0.0,0,1.0,1.0,0,0)
DispatchTrackball(-1,245498,2,-2.0,4.0,0.0,0.0,0,1.0,1.0,0,0)
DispatchTrackball(-1,245498,2,4.0,3.0,0.0,0.0,0,1.0,1.0,0,0)
DispatchTrackball(-1,245502,2,3.0,-4.0,0.0,0.0,0,1.0,1.0,0,0)
DispatchTrackball(-1,245503,2,-3.0,-5.0,0.0,0.0,0,1.0,1.0,0,0)
DispatchTrackball(-1,245504,2,1.0,4.0,0.0,0.0,0,1.0,1.0,0,0)
DispatchTrackball(-1,245505,2,-3.0,4.0,0.0,0.0,0,1.0,1.0,0,0)
LaunchActivity(a2dp.Vol,a2dp.Vol.main)
DispatchKey(245510,245510,0,21,0,0,-1,0)
DispatchKey(245556,245556,1,21,0,0,-1,0)
DispatchKey(245567,245567,0,23,0,0,-1,0)
DispatchKey(245568,245568,1,23,0,0,-1,0)
GUIGen(4)
DispatchKey(250613,250613,0,82,0,0,-1,0)
DispatchKey(250614,250614,1,82,0,0,-1,0)
DispatchKey(250615,250615,0,105,0,0,-1,0)
DispatchKey(250617,250617,1,105,0,0,-1,0)
GUIGen(9)
DispatchKey(260397,260397,0,23,0,0,-1,0)
DispatchKey(260398,260398,1,23,0,0,-1,0)
DispatchPointer(260399,260399,0,567.0,676.0,0.0,0.0,0,1.0,1.0,0,0)
DispatchPointer(260399,260400,2,579.28217,674.7803,0.0,0.0,0,1.0,1.0,0,0)
DispatchPointer(260399,260401,2,580.56287,667.4086,0.0,0.0,0,1.0,1.0,0,0)
DispatchPointer(260399,260403,2,594.43024,659.24066,0.0,0.0,0,1.0,1.0,0,0)
DispatchPointer(260399,260405,2,602.07697,657.98694,0.0,0.0,0,1.0,1.0,0,0)
DispatchPointer(260399,260406,2,608.49097,651.0371,0.0,0.0,0,1.0,1.0,0,0)
DispatchPointer(260399,260406,1,619.1564,643.2676,0.0,0.0,0,1.0,1.0,0,0)
DispatchPointer(260408,260408,0,298.0,414.0,0.0,0.0,0,1.0,1.0,0,0)
DispatchPointer(260408,260408,1,303.15598,409.0282,0.0,0.0,0,1.0,1.0,0,0)
DispatchKey(260409,260409,0,21,0,0,-1,0)
DispatchKey(260411,260411,1,21,0,0,-1,0)
DispatchPointer(260411,260411,0,91.0,135.0,0.0,0.0,0,1.0,1.0,0,0)
DispatchPointer(260411,260412,1,91.27468,128.07022,0.0,0.0,0,1.0,1.0,0,0)
DispatchTrackball(-1,260413,2,-2.0,2.0,0.0,0.0,0,1.0,1.0,0,0)
DispatchTrackball(-1,260413,2,2.0,-1.0,0.0,0.0,0,1.0,1.0,0,0)
DispatchTrackball(-1,260414,2,3.0,2.0,0.0,0.0,0,1.0,1.0,0,0)
DispatchTrackball(-1,260415,2,2.0,4.0,0.0,0.0,0,1.0,1.0,0,0)
DispatchTrackball(-1,260415,2,-3.0,2.0,0.0,0.0,0,1.0,1.0,0,0)
DispatchTrackball(-1,260415,2,1.0,-3.0,0.0,0.0,0,1.0,1.0,0,0)
DispatchTrackball(-1,260416,2,-5.0,-3.0,0.0,0.0,0,1.0,1.0,0,0)
DispatchTrackball(-1,260416,2,-1.0,-1.0,0.0,0.0,0,1.0,1.0,0,0)
DispatchTrackball(-1,260416,2,-1.0,4.0,0.0,0.0,0,1.0,1.0,0,0)
DispatchTrackball(-1,260417,2,-2.0,0.0,0.0,0.0,0,1.0,1.0,0,0)
DispatchTrackball(260413,260418,0,0.0,0.0,0.0,0.0,0,1.0,1.0,0,0)
DispatchTrackball(260413,260419,1,0.0,0.0,0.0,0.0,0,1.0,1.0,0,0)
DispatchFlip(false)
DispatchTrackball(-1,260470,2,-1.0,1.0,0.0,0.0,0,1.0,1.0,0,0)
DispatchTrackball(-1,260471,2,4.0,4.0,0.0,0.0,0,1.0,1.0,0,0)
DispatchTrackball(-1,260471,2,0.0,4.0,0.0,0.0,0,1.0,1.0,0,0)
DispatchTrackball(-1,260473,2,-3.0,4.0,0.0,0.0,0,1.0,1.0,0,0)
DispatchTrackball(-1,260473,2,-4.0,4.0,0.0,0.0,0,1.0,1.0,0,0)
DispatchTrackball(-1,260474,2,0.0,-4.0,0.0,0.0,0,1.0,1.0,0,0)
DispatchTrackball(-1,260474,2,-1.0,-2.0,0.0,0.0,0,1.0,1.0,0,0)
DispatchTrackball(-1,260475,2,-1.0,2.0,0.0,0.0,0,1.0,1.0,0,0)
DispatchTrackball(-1,260476,2,3.0,-4.0,0.0,0.0,0,1.0,1.0,0,0)
DispatchTrackball(-1,260476,2,4.0,-3.0,0.0,0.0,0,1.0,1.0,0,0)
DispatchTrackball(-1,260477,2,0.0,3.0,0.0,0.0,0,1.0,1.0,0,0)
DispatchTrackball(-1,260478,2,-3.0,0.0,0.0,0.0,0,1.0,1.0,0,0)
DispatchTrackball(-1,260478,2,3.0,1.0,0.0,0.0,0,1.0,1.0,0,0)
DispatchTrackball(-1,260479,2,-4.0,0.0,0.0,0.0,0,1.0,1.0,0,0)
DispatchTrackball(-1,260479,2,-1.0,-3.0,0.0,0.0,0,1.0,1.0,0,0)
DispatchTrackball(-1,260480,2,3.0,-5.0,0.0,0.0,0,1.0,1.0,0,0)
DispatchTrackball(-1,260481,2,-3.0,3.0,0.0,0.0,0,1.0,1.0,0,0)
DispatchTrackball(-1,260481,2,0.0,1.0,0.0,0.0,0,1.0,1.0,0,0)
DispatchTrackball(-1,260481,2,4.0,-4.0,0.0,0.0,0,1.0,1.0,0,0)
DispatchTrackball(-1,260483,2,4.0,-2.0,0.0,0.0,0,1.0,1.0,0,0)
DispatchPointer(260487,260487,0,239.0,115.0,0.0,0.0,0,1.0,1.0,0,0)
DispatchPointer(260487,260487,1,222.13695,103.15202,0.0,0.0,0,1.0,1.0,0,0)
DispatchKey(260488,260488,0,82,0,0,-1,0)
DispatchKey(260516,260516,1,82,0,0,-1,0)
DispatchKey(260529,260529,0,70,0,0,-1,0)
DispatchKey(260534,260534,1,70,0,0,-1,0)
DispatchTrackball(-1,260537,2,-4.0,0.0,0.0,0.0,0,1.0,1.0,0,0)
DispatchTrackball(-1,260542,2,3.0,2.0,0.0,0.0,0,1.0,1.0,0,0)
DispatchTrackball(-1,260546,2,1.0,-2.0,0.0,0.0,0,1.0,1.0,0,0)
DispatchTrackball(-1,260546,2,-4.0,-2.0,0.0,0.0,0,1.0,1.0,0,0)
DispatchTrackball(-1,260549,2,4.0,4.0,0.0,0.0,0,1.0,1.0,0,0)
DispatchTrackball(-1,260550,2,-4.0,-4.0,0.0,0.0,0,1.0,1.0,0,0)
DispatchTrackball(-1,260550,2,-4.0,-4.0,0.0,0.0,0,1.0,1.0,0,0)
DispatchTrackball(-1,260550,2,-4.0,-3.0,0.0,0.0,0,1.0,1.0,0,0)
DispatchTrackball(-1,260553,2,1.0,0.0,0.0,0.0,0,1.0,1.0,0,0)
DispatchTrackball(-1,260553,2,2.0,-5.0,0.0,0.0,0,1.0,1.0,0,0)
DispatchTrackball(-1,260553,2,-1.0,3.0,0.0,0.0,0,1.0,1.0,0,0)
DispatchTrackball(-1,260553,2,4.0,-4.0,0.0,0.0,0,1.0,1.0,0,0)
DispatchTrackball(-1,260554,2,-3.0,4.0,0.0,0.0,0,1.0,1.0,0,0)
DispatchTrackball(-1,260554,2,-1.0,1.0,0.0,0.0,0,1.0,1.0,0,0)
DispatchTrackball(-1,260554,2,-1.0,2.0,0.0,0.0,0,1.0,1.0,0,0)
DispatchTrackball(-1,260560,2,-1.0,-4.0,0.0,0.0,0,1.0,1.0,0,0)
DispatchTrackball(-1,260561,2,4.0,-4.0,0.0,0.0,0,1.0,1.0,0,0)
DispatchTrackball(-1,260561,2,-4.0,-1.0,0.0,0.0,0,1.0,1.0,0,0)
DispatchTrackball(-1,260561,2,3.0,-4.0,0.0,0.0,0,1.0,1.0,0,0)
DispatchTrackball(-1,260561,2,-4.0,-4.0,0.0,0.0,0,1.0,1.0,0,0)
DispatchPointer(260562,260562,0,143.0,830.0,0.0,0.0,0,1.0,1.0,0,0)
DispatchPointer(260562,260564,1,136.35585,831.07,0.0,0.0,0,1.0,1.0,0,0)
DispatchPointer(260565,260565,0,643.0,8.0,0.0,0.0,0,1.0,1.0,0,0)
DispatchPointer(260565,260566,2,648.499,0.0,0.0,0.0,0,1.0,1.0,0,0)
DispatchPointer(260565,260567,2,650.6267,0.0,0.0,0.0,0,1.0,1.0,0,0)
DispatchPointer(260565,260568,2,652.62933,0.0,0.0,0.0,0,1.0,1.0,0,0)
DispatchPointer(260565,260569,2,652.8018,0.0,0.0,0.0,0,1.0,1.0,0,0)
DispatchPointer(260565,260569,2,658.41595,0.0,0.0,0.0,0,1.0,1.0,0,0)
DispatchPointer(260565,260572,2,659.279,0.0,0.0,0.0,0,1.0,1.0,0,0)
DispatchPointer(260565,260573,2,665.52563,0.0,0.0,0.0,0,1.0,1.0,0,0)
DispatchPointer(260565,260574,1,665.69904,0.0,0.0,0.0,0,1.0,1.0,0,0)
DispatchTrackball(-1,260575,2,0.0,4.0,0.0,0.0,0,1.0,1.0,0,0)
DispatchTrackball(-1,260576,2,3.0,3.0,0.0,0.0,0,1.0,1.0,0,0)
DispatchTrackball(-1,260577,2,-2.0,-3.0,0.0,0.0,0,1.0,1.0,0,0)
DispatchTrackball(-1,260577,2,0.0,2.0,0.0,0.0,0,1.0,1.0,0,0)
DispatchTrackball(-1,260577,2,-5.0,-4.0,0.0,0.0,0,1.0,1.0,0,0)
DispatchTrackball(-1,260577,2,-5.0,1.0,0.0,0.0,0,1.0,1.0,0,0)
DispatchTrackball(-1,260578,2,2.0,-3.0,0.0,0.0,0,1.0,1.0,0,0)
DispatchTrackball(-1,260578,2,-3.0,-3.0,0.0,0.0,0,1.0,1.0,0,0)
DispatchTrackball(-1,260579,2,-2.0,-3.0,0.0,0.0,0,1.0,1.0,0,0)
DispatchTrackball(-1,260579,2,3.0,-3.0,0.0,0.0,0,1.0,1.0,0,0)
DispatchTrackball(260575,260579,0,0.0,0.0,0.0,0.0,0,1.0,1.0,0,0)
DispatchTrackball(260575,260580,1,0.0,0.0,0.0,0.0,0,1.0,1.0,0,0)
DispatchKey(260580,260580,0,23,0,0,-1,0)
DispatchKey(260589,260589,1,23,0,0,-1,0)
DispatchTrackball(-1,260594,2,-4.0,2.0,0.0,0.0,0,1.0,1.0,0,0)
DispatchTrackball(-1,260594,2,4.0,3.0,0.0,0.0,0,1.0,1.0,0,0)
DispatchTrackball(-1,260595,2,-2.0,0.0,0.0,0.0,0,1.0,1.0,0,0)
DispatchTrackball(-1,260595,2,-2.0,4.0,0.0,0.0,0,1.0,1.0,0,0)
DispatchTrackball(-1,260597,2,4.0,0.0,0.0,0.0,0,1.0,1.0,0,0)
DispatchTrackball(-1,260597,2,4.0,4.0,0.0,0.0,0,1.0,1.0,0,0)
DispatchTrackball(-1,260598,2,2.0,0.0,0.0,0.0,0,1.0,1.0,0,0)
DispatchTrackball(-1,260598,2,3.0,2.0,0.0,0.0,0,1.0,1.0,0,0)
DispatchTrackball(-1,260598,2,-4.0,-1.0,0.0,0.0,0,1.0,1.0,0,0)
DispatchTrackball(-1,260599,2,2.0,-3.0,0.0,0.0,0,1.0,1.0,0,0)
DispatchTrackball(260594,260599,0,0.0,0.0,0.0,0.0,0,1.0,1.0,0,0)
DispatchTrackball(260594,260599,1,0.0,0.0,0.0,0.0,0,1.0,1.0,0,0)
DispatchPointer(260603,260603,0,651.0,396.0,0.0,0.0,0,1.0,1.0,0,0)
DispatchPointer(260603,260608,1,653.13696,393.08823,0.0,0.0,0,1.0,1.0,0,0)
DispatchPointer(260609,260609,0,564.0,1095.0,0.0,0.0,0,1.0,1.0,0,0)
DispatchPointer(260609,260613,1,564.3105,1090.1321,0.0,0.0,0,1.0,1.0,0,0)
DispatchKey(260613,260613,0,21,0,0,-1,0)
DispatchKey(260628,260628,1,21,0,0,-1,0)
DispatchTrackball(-1,260632,2,-2.0,-3.0,0.0,0.0,0,1.0,1.0,0,0)
DispatchTrackball(-1,260633,2,0.0,2.0,0.0,0.0,0,1.0,1.0,0,0)
DispatchTrackball(-1,260633,2,1.0,4.0,0.0,0.0,0,1.0,1.0,0,0)
DispatchTrackball(-1,260634,2,-5.0,-2.0,0.0,0.0,0,1.0,1.0,0,0)
DispatchTrackball(-1,260635,2,3.0,1.0,0.0,0.0,0,1.0,1.0,0,0)
DispatchTrackball(-1,260635,2,-5.0,0.0,0.0,0.0,0,1.0,1.0,0,0)
DispatchTrackball(-1,260639,2,-5.0,-2.0,0.0,0.0,0,1.0,1.0,0,0)
DispatchTrackball(-1,260640,2,0.0,1.0,0.0,0.0,0,1.0,1.0,0,0)
DispatchTrackball(-1,260641,2,4.0,1.0,0.0,0.0,0,1.0,1.0,0,0)
DispatchTrackball(-1,260643,2,-2.0,-3.0,0.0,0.0,0,1.0,1.0,0,0)
DispatchKey(260644,260644,0,92,0,0,-1,0)
DispatchKey(260693,260693,1,92,0,0,-1,0)
LaunchActivity(a2dp.Vol,a2dp.Vol.main)
DispatchTrackball(-1,260700,2,-4.0,-3.0,0.0,0.0,0,1.0,1.0,0,0)
DispatchTrackball(-1,260702,2,0.0,1.0,0.0,0.0,0,1.0,1.0,0,0)
DispatchTrackball(-1,260706,2,-3.0,-2.0,0.0,0.0,0,1.0,1.0,0,0)
DispatchTrackball(-1,260711,2,-3.0,-4.0,0.0,0.0,0,1.0,1.0,0,0)
DispatchTrackball(-1,260712,2,-1.0,3.0,0.0,0.0,0,1.0,1.0,0,0)
DispatchTrackball(-1,260713,2,-1.0,-2.0,0.0,0.0,0,1.0,1.0,0,0)
DispatchTrackball(-1,260714,2,1.0,-1.0,0.0,0.0,0,1.0,1.0,0,0)
DispatchTrackball(-1,260715,2,3.0,-4.0,0.0,0.0,0,1.0,1.0,0,0)
DispatchTrackball(-1,260716,2,2.0,-5.0,0.0,0.0,0,1.0,1.0,0,0)
DispatchTrackball(-1,260716,2,4.0,1.0,0.0,0.0,0,1.0,1.0,0,0)
DispatchPointer(260716,260716,0,514.0,976.0,0.0,0.0,0,1.0,1.0,0,0)
DispatchPointer(260716,260726,1,515.01215,977.2749,0.0,0.0,0,1.0,1.0,0,0)
DispatchKey(260727,260727,0,20,0,0,-1,0)
DispatchKey(260759,260759,1,20,0,0,-1,0)
DispatchTrackball(-1,260763,2,-1.0,4.0,0.0,0.0,0,1.0,1.0,0,0)
DispatchTrackball(-1,260764,2,-1.0,2.0,0.0,0.0,0,1.0,1.0,0,0)
DispatchTrackball(-1,260765,2,3.0,-1.0,0.0,0.0,0,1.0,1.0,0,0)
DispatchTrackball(-1,260765,2,4.0,2.0,0.0,0.0,0,1.0,1.0,0,0)
DispatchTrackball(-1,260765,2,-4.0,-5.0,0.0,0.0,0,1.0,1.0,0,0)
DispatchTrackball(-1,260765,2,4.0,-2.0,0.0,0.0,0,1.0,1.0,0,0)
DispatchTrackball(-1,260766,2,-1.0,-2.0,0.0,0.0,0,1.0,1.0,0,0)
DispatchTrackball(-1,260766,2,1.0,4.0,0.0,0.0,0,1.0,1.0,0,0)
DispatchTrackball(-1,260767,2,-1.0,-2.0,0.0,0.0,0,1.0,1.0,0,0)
DispatchTrackball(-1,260767,2,4.0,3.0,0.0,0.0,0,1.0,1.0,0,0)
DispatchKey(260768,260768,0,191,0,0,-1,0)
DispatchKey(260793,260793,1,191,0,0,-1,0)
DispatchPointer(260797,260797,0,345.0,407.0,0.0,0.0,0,1.0,1.0,0,0)
DispatchPointer(260797,260798,1,339.6304,393.03082,0.0,0.0,0,1.0,1.0,0,0)
DispatchKey(260799,260799,0,82,0,0,-1,0)
DispatchKey(260801,260801,1,82,0,0,-1,0)
DispatchKey(260828,260828,0,20,0,0,-1,0)
DispatchKey(260829,260829,1,20,0,0,-1,0)
DispatchKey(260836,260836,0,23,0,0,-1,0)
DispatchKey(260839,260839,1,23,0,0,-1,0)
DispatchPointer(260858,260858,0,734.0,15.0,0.0,0.0,0,1.0,1.0,0,0)
DispatchPointer(260858,260859,1,736.6171,17.504036,0.0,0.0,0,1.0,1.0,0,0)
DispatchPointer(260863,260863,0,652.0,292.0,0.0,0.0,0,1.0,1.0,0,0)
DispatchPointer(260863,260864,2,655.37726,292.08774,0.0,0.0,0,1.0,1.0,0,0)
DispatchPointer(260863,260865,2,655.73254,298.53558,0.0,0.0,0,1.0,1.0,0,0)
DispatchPointer(260863,260866,2,656.2959,298.7295,0.0,0.0,0,1.0,1.0,0,0)
DispatchPointer(260863,260866,1,660.1885,303.27957,0.0,0.0,0,1.0,1.0,0,0)
DispatchKey(260867,260867,0,21,0,0,-1,0)
DispatchKey(260871,260871,1,21,0,0,-1,0)
DispatchKey(260873,260873,0,20,0,0,-1,0)
DispatchKey(260878,260878,1,20,0,0,-1,0)
DispatchPointer(260882,260882,0,345.0,596.0,0.0,0.0,0,1.0,1.0,0,0)
DispatchPointer(260882,260888,2,342.6484,594.57886,0.0,0.0,0,1.0,1.0,0,0)
DispatchPointer(260882,260889,2,334.93964,579.9916,0.0,0.0,0,1.0,1.0,0,0)
DispatchPointer(260882,260890,1,328.0181,573.4872,0.0,0.0,0,1.0,1.0,0,0)
DispatchTrackball(-1,260891,2,0.0,-3.0,0.0,0.0,0,1.0,1.0,0,0)
DispatchTrackball(-1,260891,2,-5.0,-1.0,0.0,0.0,0,1.0,1.0,0,0)
DispatchTrackball(-1,260891,2,-4.0,-3.0,0.0,0.0,0,1.0,1.0,0,0)
DispatchTrackball(-1,260892,2,-5.0,-1.0,0.0,0.0,0,1.0,1.0,0,0)
DispatchTrackball(-1,260893,2,-5.0,-5.0,0.0,0.0,0,1.0,1.0,0,0)
DispatchTrackball(-1,260894,2,-5.0,-3.0,0.0,0.0,0,1.0,1.0,0,0)
DispatchTrackball(-1,260895,2,-3.0,-4.0,0.0,0.0,0,1.0,1.0,0,0)
DispatchTrackball(-1,260897,2,-1.0,1.0,0.0,0.0,0,1.0,1.0,0,0)
DispatchTrackball(-1,260898,2,-3.0,1.0,0.0,0.0,0,1.0,1.0,0,0)
DispatchTrackball(-1,260900,2,-2.0,-2.0,0.0,0.0,0,1.0,1.0,0,0)
DispatchKey(260901,260901,0,73,0,0,-1,0)
DispatchKey(260967,260967,1,73,0,0,-1,0)
DispatchKey(261030,261030,0,23,0,0,-1,0)
DispatchKey(261057,261057,1,23,0,0,-1,0)
DispatchTrackball(-1,261127,2,3.0,-4.0,0.0,0.0,0,1.0,1.0,0,0)
DispatchTrackball(-1,261129,2,3.0,1.0,0.0,0.0,0,1.0,1.0,0,0)
DispatchTrackball(-1,261131,2,-2.0,-2.0,0.0,0.0,0,1.0,1.0,0,0)
DispatchTrackball(-1,261132,2,3.0,-1.0,0.0,0.0,0,1.0,1.0,0,0)
DispatchTrackball(-1,261132,2,0.0,3.0,0.0,0.0,0,1.0,1.0,0,0)
DispatchTrackball(-1,261133,2,0.0,1.0,0.0,0.0,0,1.0,1.0,0,0)
DispatchTrackball(-1,261134,2,0.0,0.0,0.0,0.0,0,1.0,1.0,0,0)
DispatchTrackball(-1,261138,2,-5.0,4.0,0.0,0.0,0,1.0,1.0,0,0)
DispatchTrackball(-1,261139,2,0.0,1.0,0.0,0.0,0,1.0,1.0,0,0)
DispatchTrackball(-1,261139,2,-2.0,-4.0,0.0,0.0,0,1.0,1.0,0,0)
DispatchKey(261143,261143,0,19,0,0,-1,0)
DispatchKey(261275,261275,1,19,0,0,-1,0)
DispatchTrackball(-1,261317,2,0.0,3.0,0.0,0.0,0,1.0,1.0,0,0)
DispatchTrackball(-1,261322,2,0.0,1.0,0.0,0.0,0,1.0,1.0,0,0)
DispatchTrackball(-1,261324,2,3.0,4.0,0.0,0.0,0,1.0,1.0,0,0)
DispatchTrackball(-1,261324,2,-1.0,2.0,0.0,0.0,0,1.0,1.0,0,0)
DispatchTrackball(-1,261326,2,-1.0,-5.0,0.0,0.0,0,1.0,1.0,0,0)
DispatchTrackball(-1,261326,2,0.0,0.0,0.0,0.0,0,1.0,1.0,0,0)
DispatchTrackball(-1,261327,2,-4.0,-3.0,0.0,0.0,0,1.0,1.0,0,0)
DispatchTrackball(-1,261328,2,0.0,0.0,0.0,0.0,0,1.0,1.0,0,0)
DispatchTrackball(-1,261328,2,-5.0,3.0,0.0,0.0,0,1.0,1.0,0,0)
DispatchTrackball(-1,261329,2,3.0,-2.0,0.0,0.0,0,1.0,1.0,0,0)
DispatchPointer(261331,261331,0,172.0,831.0,0.0,0.0,0,1.0,1.0,0,0)
DispatchPointer(261331,261333,1,176.72583,828.70245,0.0,0.0,0,1.0,1.0,0,0)
DispatchPointer(261334,261334,0,521.0,158.0,0.0,0.0,0,1.0,1.0,0,0)
DispatchPointer(261334,261336,1,533.17395,157.93698,0.0,0.0,0,1.0,1.0,0,0)
DispatchKey(261337,261337,0,21,0,0,-1,0)
DispatchKey(261484,261484,1,21,0,0,-1,0)
DispatchPointer(261493,261494,0,559.0,490.0,0.0,0.0,0,1.0,1.0,0,0)
DispatchPointer(261493,261497,1,542.4343,492.1768,0.0,0.0,0,1.0,1.0,0,0)
DispatchKey(261498,261498,0,23,0,0,-1,0)
DispatchKey(261499,261499,1,23,0,0,-1,0)
DispatchPointer(261516,261516,0,25.0,1132.0,0.0,0.0,0,1.0,1.0,0,0)
DispatchPointer(261516,261516,1,15.561528,1153.1976,0.0,0.0,0,1.0,1.0,0,0)
DispatchPointer(261517,261517,0,166.0,922.0,0.0,0.0,0,1.0,1.0,0,0)
DispatchPointer(261517,261518,261,164.96727,927.2521,0.0,0.0,0,1.0,1.0,0,0)
DispatchPointer(261517,261527,262,158.31189,938.0563,0.0,0.0,0,1.0,1.0,0,0)
DispatchPointer(261517,261527,1,152.87979,944.4884,0.0,0.0,0,1.0,1.0,0,0)
DispatchPointer(261531,261531,0,454.0,121.0,0.0,0.0,0,1.0,1.0,0,0)
DispatchPointer(261531,261531,1,454.48944,128.8192,0.0,0.0,0,1.0,1.0,0,0)
DispatchTrackball(-1,261535,2,-1.0,4.0,0.0,0.0,0,1.0,1.0,0,0)
DispatchTrackball(-1,261561,2,1.0,3.0,0.0,0.0,0,1.0,1.0,0,0)
DispatchTrackball(-1,261567,2,1.0,-4.0,0.0,0.0,0,1.0,1.0,0,0)
DispatchTrackball(-1,261568,2,-1.0,-3.0,0.0,0.0,0,1.0,1.0,0,0)
DispatchTrackball(-1,261569,2,4.0,4.0,0.0,0.0,0,1.0,1.0,0,0)
DispatchTrackball(-1,261569,2,-2.0,-2.0,0.0,0.0,0,1.0,1.0,0,0)
DispatchTrackball(-1,261569,2,2.0,0.0,0.0,0.0,0,1.0,1.0,0,0)
DispatchTrackball(-1,261570,2,2.0,2.0,0.0,0.0,0,1.0,1.0,0,0)
DispatchTrackball(-1,261570,2,3.0,-2.0,0.0,0.0,0,1.0,1.0,0,0)
DispatchTrackball(-1,261570,2,4.0,1.0,0.0,0.0,0,1.0,1.0,0,0)
DispatchPointer(261570,261570,0,464.0,388.0,0.0,0.0,0,1.0,1.0,0,0)
DispatchPointer(261570,261571,1,483.5044,380.85626,0.0,0.0,0,1.0,1.0,0,0)
DispatchPointer(261571,261571,0,140.0,163.0,0.0,0.0,0,1.0,1.0,0,0)
DispatchPointer(261571,261571,1,140.35707,158.81111,0.0,0.0,0,1.0,1.0,0,0)
LaunchActivity(a2dp.Vol,a2dp.Vol.main)
DispatchTrackball(-1,261702,2,2.0,-2.0,0.0,0.0,0,1.0,1.0,0,0)
DispatchTrackball(-1,261705,2,-1.0,0.0,0.0,0.0,0,1.0,1.0,0,0)
DispatchTrackball(-1,261709,2,-5.0,0.0,0.0,0.0,0,1.0,1.0,0,0)
DispatchTrackball(-1,261710,2,0.0,-4.0,0.0,0.0,0,1.0,1.0,0,0)
DispatchTrackball(-1,261710,2,3.0,4.0,0.0,0.0,0,1.0,1.0,0,0)
DispatchTrackball(-1,261711,2,-1.0,-1.0,0.0,0.0,0,1.0,1.0,0,0)
DispatchTrackball(-1,261713,2,2.0,-3.0,0.0,0.0,0,1.0,1.0,0,0)
DispatchTrackball(-1,261714,2,4.0,3.0,0.0,0.0,0,1.0,1.0,0,0)
DispatchTrackball(-1,261714,2,-3.0,-2.0,0.0,0.0,0,1.0,1.0,0,0)
DispatchTrackball(-1,261714,2,1.0,4.0,0.0,0.0,0,1.0,1.0,0,0)
DispatchPointer(261728,261728,0,142.0,426.0,0.0,0.0,0,1.0,1.0,0,0)
DispatchPointer(261728,261732,1,142.16565,431.58844,0.0,0.0,0,1.0,1.0,0,0)
DispatchPointer(261734,261734,0,576.0,1015.0,0.0,0.0,0,1.0,1.0,0,0)
DispatchPointer(261734,261739,1,578.6694,1011.73987,0.0,0.0,0,1.0,1.0,0,0)
DispatchKey(261742,261742,0,23,0,0,-1,0)
DispatchKey(261875,261875,1,23,0,0,-1,0)
DispatchKey(261878,261878,0,23,0,0,-1,0)
DispatchKey(261924,261924,1,23,0,0,-1,0)
DispatchKey(261930,261930,0,180,0,0,-1,0)
DispatchKey(261932,261932,1,180,0,0,-1,0)
GUIGen(3)
DispatchTrackball(-1,266915,2,-4.0,2.0,0.0,0.0,0,1.0,1.0,0,0)
DispatchTrackball(-1,266916,2,2.0,4.0,0.0,0.0,0,1.0,1.0,0,0)
DispatchTrackball(-1,266917,2,3.0,0.0,0.0,0.0,0,1.0,1.0,0,0)
DispatchTrackball(-1,266917,2,4.0,-4.0,0.0,0.0,0,1.0,1.0,0,0)
DispatchTrackball(-1,266918,2,-2.0,-2.0,0.0,0.0,0,1.0,1.0,0,0)
DispatchTrackball(-1,266919,2,-1.0,-3.0,0.0,0.0,0,1.0,1.0,0,0)
DispatchTrackball(-1,266919,2,-5.0,3.0,0.0,0.0,0,1.0,1.0,0,0)
DispatchTrackball(-1,266921,2,0.0,-2.0,0.0,0.0,0,1.0,1.0,0,0)
