type= raw events
count= -1
speed= 1.0
start data >>
LaunchActivity(a2dp.Vol,a2dp.Vol.main)
DispatchPointer(94683,94683,0,32.0,893.0,0.0,0.0,0,1.0,1.0,0,0)
DispatchPointer(94683,94708,1,12.141653,898.73016,0.0,0.0,0,1.0,1.0,0,0)
DispatchKey(94717,94717,0,157,0,0,-1,0)
DispatchKey(94884,94884,1,157,0,0,-1,0)
DispatchKey(94889,94889,0,82,0,0,-1,0)
DispatchKey(94893,94893,1,82,0,0,-1,0)
DispatchKey(94894,94894,0,115,0,0,-1,0)
DispatchKey(94896,94896,1,115,0,0,-1,0)
DispatchPointer(94928,94928,0,132.0,536.0,0.0,0.0,0,1.0,1.0,0,0)
DispatchPointer(94928,94931,1,128.0749,537.4232,0.0,0.0,0,1.0,1.0,0,0)
DispatchKey(94935,94935,0,23,0,0,-1,0)
DispatchKey(94939,94939,1,23,0,0,-1,0)
DispatchPointer(94942,94942,0,236.0,774.0,0.0,0.0,0,1.0,1.0,0,0)
DispatchPointer(94942,94943,2,240.9352,767.45465,0.0,0.0,0,1.0,1.0,0,0)
DispatchPointer(94942,94943,2,242.15244,761.84186,0.0,0.0,0,1.0,1.0,0,0)
DispatchPointer(94942,94944,2,250.0775,744.2764,0.0,0.0,0,1.0,1.0,0,0)
DispatchPointer(94942,94944,2,256.64984,734.74725,0.0,0.0,0,1.0,1.0,0,0)
DispatchPointer(94942,94944,2,263.92236,734.3952,0.0,0.0,0,1.0,1.0,0,0)
DispatchPointer(94942,94944,2,265.0853,726.5097,0.0,0.0,0,1.0,1.0,0,0)
DispatchPointer(94942,94953,2,265.93924,704.7263,0.0,0.0,0,1.0,1.0,0,0)
DispatchPointer(94942,94958,2,272.93475,692.5107,0.0,0.0,0,1.0,1.0,0,0)
DispatchPointer(94942,94959,2,280.0982,686.4939,0.0,0.0,0,1.0,1.0,0,0)
DispatchPointer(94942,94965,1,282.2485,674.0871,0.0,0.0,0,1.0,1.0,0,0)
DispatchKey(94968,94968,0,20,0,0,-1,0)
DispatchKey(95008,95008,1,20,0,0,-1,0)
DispatchKey(95016,95016,0,23,0,0,-1,0)
DispatchKey(95018,95018,1,23,0,0,-1,0)
DispatchKey(95025,95025,0,137,0,0,-1,0)
DispatchKey(95044,95044,1,137,0,0,-1,0)
DispatchPointer(95046,95046,0,643.0,541.0,0.0,0.0,0,1.0,1.0,0,0)
DispatchPointer(95046,95047,2,646.2492,530.58185,0.0,0.0,0,1.0,1.0,0,0)
DispatchPointer(95046,95057,2,657.76514,516.2229,0.0,0.0,0,1.0,1.0,0,0)
DispatchPointer(95046,95058,2,663.65796,505.74298,0.0,0.0,0,1.0,1.0,0,0)
DispatchPointer(95046,95058,2,665.1631,504.49643,0.0,0.0,0,1.0,1.0,0,0)
DispatchPointer(95046,95058,2,672.6782,501.49985,0.0,0.0,0,1.0,1.0,0,0)
DispatchPointer(95046,95059,2,685.68506,497.56888,0.0,0.0,0,1.0,1.0,0,0)
DispatchPointer(95046,95062,2,695.6406,490.70425,0.0,0.0,0,1.0,1.0,0,0)
DispatchPointer(95046,95064,2,708.4748,486.50287,0.0,0.0,0,1.0,1.0,0,0)
DispatchPointer(95046,95064,2,720.95886,484.52646,0.0,0.0,0,1.0,1.0,0,0)
DispatchPointer(95046,95065,1,729.68695,480.14233,0.0,0.0,0,1.0,1.0,0,0)
DispatchKey(95066,95066,0,23,0,0,-1,0)
DispatchKey(95070,95070,1,23,0,0,-1,0)
DispatchTrackball(-1,95130,2,-4.0,-5.0,0.0,0.0,0,1.0,1.0,0,0)
DispatchTrackball(-1,95140,2,1.0,-1.0,0.0,0.0,0,1.0,1.0,0,0)
DispatchTrackball(-1,95141,2,-3.0,-3.0,0.0,0.0,0,1.0,1.0,0,0)
DispatchTrackball(-1,95141,2,3.0,-4.0,0.0,0.0,0,1.0,1.0,0,0)
DispatchTrackball(-1,95141,2,1.0,2.0,0.0,0.0,0,1.0,1.0,0,0)
DispatchTrackball(-1,95142,2,0.0,-4.0,0.0,0.0,0,1.0,1.0,0,0)
DispatchTrackball(-1,95143,2,0.0,-3.0,0.0,0.0,0,1.0,1.0,0,0)
DispatchTrackball(-1,95144,2,3.0,-4.0,0.0,0.0,0,1.0,1.0,0,0)
DispatchTrackball(-1,95145,2,-3.0,2.0,0.0,0.0,0,1.0,1.0,0,0)
DispatchTrackball(-1,95145,2,4.0,4.0,0.0,0.0,0,1.0,1.0,0,0)
DispatchKey(95146,95146,0,17,0,0,-1,0)
DispatchKey(95196,95196,1,17,0,0,-1,0)
DispatchKey(95205,95205,0,23,0,0,-1,0)
DispatchKey(95214,95214,1,23,0,0,-1,0)
DispatchPointer(95215,95215,0,626.0,1059.0,0.0,0.0,0,1.0,1.0,0,0)
DispatchPointer(95215,95217,2,636.7249,1061.479,0.0,0.0,0,1.0,1.0,0,0)
DispatchPointer(95215,95219,1,646.52466,1066.0999,0.0,0.0,0,1.0,1.0,0,0)
DispatchPointer(95227,95227,0,475.0,1057.0,0.0,0.0,0,1.0,1.0,0,0)
DispatchPointer(95227,95229,1,478.61273,1060.3447,0.0,0.0,0,1.0,1.0,0,0)
DispatchKey(95230,95230,0,23,0,0,-1,0)
DispatchKey(95231,95231,1,23,0,0,-1,0)
DispatchKey(95233,95233,0,23,0,0,-1,0)
DispatchKey(95234,95234,1,23,0,0,-1,0)
DispatchKey(95241,95241,0,20,0,0,-1,0)
DispatchKey(95253,95253,1,20,0,0,-1,0)
DispatchTrackball(-1,95267,2,3.0,2.0,0.0,0.0,0,1.0,1.0,0,0)
DispatchTrackball(-1,95269,2,-1.0,4.0,0.0,0.0,0,1.0,1.0,0,0)
DispatchTrackball(-1,95273,2,-4.0,4.0,0.0,0.0,0,1.0,1.0,0,0)
DispatchTrackball(-1,95274,2,0.0,3.0,0.0,0.0,0,1.0,1.0,0,0)
DispatchTrackball(-1,95274,2,-4.0,1.0,0.0,0.0,0,1.0,1.0,0,0)
DispatchTrackball(-1,95275,2,-1.0,-1.0,0.0,0.0,0,1.0,1.0,0,0)
DispatchTrackball(-1,95275,2,-4.0,-5.0,0.0,0.0,0,1.0,1.0,0,0)
DispatchTrackball(-1,95275,2,-4.0,-5.0,0.0,0.0,0,1.0,1.0,0,0)
DispatchTrackball(-1,95275,2,-1.0,0.0,0.0,0.0,0,1.0,1.0,0,0)
DispatchTrackball(-1,95275,2,3.0,-3.0,0.0,0.0,0,1.0,1.0,0,0)
DispatchPointer(95276,95276,0,566.0,305.0,0.0,0.0,0,1.0,1.0,0,0)
DispatchPointer(95276,95276,261,578.6426,301.29355,0.0,0.0,0,1.0,1.0,0,0)
DispatchPointer(95276,95276,2,584.9993,296.5371,0.0,0.0,0,1.0,1.0,0,0)
DispatchPointer(95276,95277,2,594.36176,280.66428,0.0,0.0,0,1.0,1.0,0,0)
DispatchPointer(95276,95277,2,594.4482,279.40784,0.0,0.0,0,1.0,1.0,0,0)
DispatchPointer(95276,95279,2,604.78644,275.95975,0.0,0.0,0,1.0,1.0,0,0)
DispatchPointer(95276,95279,2,622.75385,262.98166,0.0,0.0,0,1.0,1.0,0,0)
DispatchPointer(95276,95280,2,641.6377,250.18239,0.0,0.0,0,1.0,1.0,0,0)
DispatchPointer(95276,95280,2,653.41406,241.59161,0.0,0.0,0,1.0,1.0,0,0)
DispatchPointer(95276,95281,2,658.8281,233.54813,0.0,0.0,0,1.0,1.0,0,0)
DispatchPointer(95276,95281,2,666.6748,228.61658,0.0,0.0,0,1.0,1.0,0,0)
DispatchPointer(95276,95281,262,677.81976,228.3698,0.0,0.0,0,1.0,1.0,0,0)
DispatchPointer(95276,95285,1,689.4085,218.42574,0.0,0.0,0,1.0,1.0,0,0)
DispatchKey(95287,95287,0,82,0,0,-1,0)
DispatchKey(95310,95310,1,82,0,0,-1,0)
DispatchKey(95314,95314,0,171,0,0,-1,0)
DispatchKey(95331,95331,1,171,0,0,-1,0)
DispatchTrackball(-1,95337,2,1.0,-3.0,0.0,0.0,0,1.0,1.0,0,0)
DispatchTrackball(-1,95338,2,-5.0,-1.0,0.0,0.0,0,1.0,1.0,0,0)
DispatchTrackball(-1,95339,2,4.0,1.0,0.0,0.0,0,1.0,1.0,0,0)
DispatchTrackball(-1,95339,2,-3.0,4.0,0.0,0.0,0,1.0,1.0,0,0)
DispatchTrackball(-1,95340,2,3.0,-3.0,0.0,0.0,0,1.0,1.0,0,0)
DispatchTrackball(-1,95340,2,-1.0,3.0,0.0,0.0,0,1.0,1.0,0,0)
DispatchTrackball(-1,95341,2,2.0,-5.0,0.0,0.0,0,1.0,1.0,0,0)
DispatchTrackball(-1,95344,2,-2.0,4.0,0.0,0.0,0,1.0,1.0,0,0)
DispatchTrackball(-1,95345,2,0.0,2.0,0.0,0.0,0,1.0,1.0,0,0)
DispatchTrackball(-1,95346,2,1.0,0.0,0.0,0.0,0,1.0,1.0,0,0)
DispatchKey(95346,95346,0,19,0,0,-1,0)
DispatchKey(95385,95385,1,19,0,0,-1,0)
DispatchKey(95390,95390,0,19,0,0,-1,0)
DispatchKey(95391,95391,1,19,0,0,-1,0)
DispatchPointer(95396,95396,0,171.0,684.0,0.0,0.0,0,1.0,1.0,0,0)
DispatchPointer(95396,95397,1,158.49374,690.6821,0.0,0.0,0,1.0,1.0,0,0)
DispatchKey(95398,95398,0,20,0,0,-1,0)
DispatchKey(95398,95398,1,20,0,0,-1,0)
DispatchKey(95399,95399,0,23,0,0,-1,0)
DispatchKey(95399,95399,1,23,0,0,-1,0)
DispatchPointer(95400,95400,0,540.0,943.0,0.0,0.0,0,1.0,1.0,0,0)
DispatchKey(95444,95444,0,19,0,0,-1,0)
DispatchKey(95551,95551,1,19,0,0,-1,0)
DispatchPointer(95707,95707,0,493.0,58.0,0.0,0.0,0,1.0,1.0,0,0)
DispatchPointer(95707,95708,2,489.03198,53.994843,0.0,0.0,0,1.0,1.0,0,0)
DispatchPointer(95707,95708,2,481.70618,49.586426,0.0,0.0,0,1.0,1.0,0,0)
DispatchPointer(95707,95709,2,476.5763,44.631187,0.0,0.0,0,1.0,1.0,0,0)
DispatchPointer(95707,95709,2,470.9136,40.40528,0.0,0.0,0,1.0,1.0,0,0)
DispatchPointer(95707,95709,2,466.72525,37.031902,0.0,0.0,0,1.0,1.0,0,0)
DispatchPointer(95707,95709,1,461.9397,30.890907,0.0,0.0,0,1.0,1.0,0,0)
DispatchKey(95710,95710,0,23,0,0,-1,0)
DispatchKey(95715,95715,1,23,0,0,-1,0)
DispatchTrackball(-1,95716,2,-5.0,2.0,0.0,0.0,0,1.0,1.0,0,0)
DispatchTrackball(-1,95717,2,3.0,4.0,0.0,0.0,0,1.0,1.0,0,0)
DispatchTrackball(-1,95717,2,-5.0,-4.0,0.0,0.0,0,1.0,1.0,0,0)
DispatchTrackball(-1,95718,2,2.0,0.0,0.0,0.0,0,1.0,1.0,0,0)
DispatchTrackball(-1,95719,2,-2.0,3.0,0.0,0.0,0,1.0,1.0,0,0)
DispatchTrackball(-1,95719,2,3.0,-3.0,0.0,0.0,0,1.0,1.0,0,0)
DispatchTrackball(-1,95722,2,2.0,3.0,0.0,0.0,0,1.0,1.0,0,0)
DispatchTrackball(-1,95722,2,1.0,-2.0,0.0,0.0,0,1.0,1.0,0,0)
DispatchTrackball(-1,95724,2,3.0,4.0,0.0,0.0,0,1.0,1.0,0,0)
DispatchTrackball(-1,95730,2,-2.0,-4.0,0.0,0.0,0,1.0,1.0,0,0)
DispatchKey(95730,95730,0,19,0,0,-1,0)
DispatchKey(95801,95801,1,19,0,0,-1,0)
DispatchKey(95909,95909,0,21,0,0,-1,0)
DispatchKey(95909,95909,1,21,0,0,-1,0)
DispatchKey(95910,95910,0,82,0,0,-1,0)
DispatchKey(95911,95911,1,82,0,0,-1,0)
DispatchKey(95912,95912,0,20,0,0,-1,0)
DispatchKey(95914,95914,1,20,0,0,-1,0)
DispatchPointer(95920,95920,0,486.0,998.0,0.0,0.0,0,1.0,1.0,0,0)
DispatchPointer(95920,95921,2,490.762,997.7222,0.0,0.0,0,1.0,1.0,0,0)
DispatchPointer(95920,95923,2,495.05652,994.5214,0.0,0.0,0,1.0,1.0,0,0)
DispatchPointer(95920,95925,2,499.9523,992.6324,0.0,0.0,0,1.0,1.0,0,0)
DispatchPointer(95920,95926,2,501.17273,991.7516,0.0,0.0,0,1.0,1.0,0,0)
DispatchPointer(95920,95926,2,510.15707,991.72504,0.0,0.0,0,1.0,1.0,0,0)
DispatchPointer(95920,95926,2,518.7405,991.1331,0.0,0.0,0,1.0,1.0,0,0)
DispatchPointer(95920,95926,2,526.4246,989.9366,0.0,0.0,0,1.0,1.0,0,0)
DispatchPointer(95920,95932,2,529.23505,989.35925,0.0,0.0,0,1.0,1.0,0,0)
DispatchPointer(95920,95934,1,538.3594,986.86835,0.0,0.0,0,1.0,1.0,0,0)
DispatchTrackball(-1,95937,2,1.0,3.0,0.0,0.0,0,1.0,1.0,0,0)
DispatchTrackball(-1,95943,2,-1.0,4.0,0.0,0.0,0,1.0,1.0,0,0)
DispatchTrackball(-1,95947,2,-1.0,0.0,0.0,0.0,0,1.0,1.0,0,0)
DispatchTrackball(-1,95948,2,-1.0,0.0,0.0,0.0,0,1.0,1.0,0,0)
DispatchTrackball(-1,95948,2,-1.0,1.0,0.0,0.0,0,1.0,1.0,0,0)
DispatchTrackball(-1,95956,2,-4.0,-3.0,0.0,0.0,0,1.0,1.0,0,0)
DispatchTrackball(-1,95966,2,-4.0,4.0,0.0,0.0,0,1.0,1.0,0,0)
DispatchTrackball(-1,95967,2,-2.0,-2.0,0.0,0.0,0,1.0,1.0,0,0)
DispatchTrackball(-1,95967,2,-3.0,-2.0,0.0,0.0,0,1.0,1.0,0,0)
DispatchTrackball(-1,95967,2,3.0,3.0,0.0,0.0,0,1.0,1.0,0,0)
DispatchTrackball(-1,95967,2,3.0,3.0,0.0,0.0,0,1.0,1.0,0,0)
DispatchTrackball(-1,95968,2,-4.0,4.0,0.0,0.0,0,1.0,1.0,0,0)
DispatchTrackball(-1,95968,2,-1.0,2.0,0.0,0.0,0,1.0,1.0,0,0)
DispatchTrackball(-1,95968,2,-2.0,2.0,0.0,0.0,0,1.0,1.0,0,0)
DispatchTrackball(-1,95968,2,-5.0,-4.0,0.0,0.0,0,1.0,1.0,0,0)
DispatchTrackball(-1,95969,2,-4.0,-2.0,0.0,0.0,0,1.0,1.0,0,0)
DispatchTrackball(-1,95969,2,-3.0,-3.0,0.0,0.0,0,1.0,1.0,0,0)
DispatchTrackball(-1,95970,2,1.0,-5.0,0.0,0.0,0,1.0,1.0,0,0)
DispatchTrackball(-1,95970,2,4.0,4.0,0.0,0.0,0,1.0,1.0,0,0)
DispatchTrackball(-1,95971,2,-2.0,-4.0,0.0,0.0,0,1.0,1.0,0,0)
DispatchKey(95971,95971,0,19,0,0,-1,0)
DispatchKey(96148,96148,1,19,0,0,-1,0)
DispatchTrackball(-1,96215,2,1.0,-1.0,0.0,0.0,0,1.0,1.0,0,0)
DispatchTrackball(-1,96225,2,-1.0,1.0,0.0,0.0,0,1.0,1.0,0,0)
DispatchTrackball(-1,96226,2,-1.0,-2.0,0.0,0.0,0,1.0,1.0,0,0)
DispatchTrackball(-1,96226,2,-1.0,-1.0,0.0,0.0,0,1.0,1.0,0,0)
DispatchTrackball(-1,96227,2,-5.0,3.0,0.0,0.0,0,1.0,1.0,0,0)
DispatchTrackball(-1,96228,2,3.0,-3.0,0.0,0.0,0,1.0,1.0,0,0)
DispatchTrackball(-1,96230,2,2.0,0.0,0.0,0.0,0,1.0,1.0,0,0)
DispatchTrackball(-1,96231,2,-4.0,-1.0,0.0,0.0,0,1.0,1.0,0,0)
DispatchTrackball(-1,96231,2,0.0,-4.0,0.0,0.0,0,1.0,1.0,0,0)
DispatchTrackball(-1,96233,2,-1.0,-1.0,0.0,0.0,0,1.0,1.0,0,0)
DispatchKey(96234,96234,0,23,0,0,-1,0)
DispatchKey(96293,96293,1,23,0,0,-1,0)
GUIGen(9)
DispatchPointer(106834,106834,0,88.0,884.0,0.0,0.0,0,1.0,1.0,0,0)
DispatchPointer(106834,106835,1,86.3547,886.6966,0.0,0.0,0,1.0,1.0,0,0)
DispatchPointer(106836,106836,0,582.0,349.0,0.0,0.0,0,1.0,1.0,0,0)
DispatchPointer(106836,106836,1,568.9798,345.433,0.0,0.0,0,1.0,1.0,0,0)
DispatchPointer(106837,106837,0,565.0,523.0,0.0,0.0,0,1.0,1.0,0,0)
DispatchPointer(106837,106838,1,562.1123,525.4855,0.0,0.0,0,1.0,1.0,0,0)
DispatchKey(106838,106838,0,19,0,0,-1,0)
DispatchKey(106856,106856,1,19,0,0,-1,0)
DispatchKey(106859,106859,0,20,0,0,-1,0)
DispatchKey(106859,106859,1,20,0,0,-1,0)
DispatchTrackball(-1,106862,2,-2.0,2.0,0.0,0.0,0,1.0,1.0,0,0)
DispatchTrackball(-1,106862,2,-5.0,-3.0,0.0,0.0,0,1.0,1.0,0,0)
DispatchTrackball(-1,106863,2,2.0,-5.0,0.0,0.0,0,1.0,1.0,0,0)
DispatchTrackball(-1,106863,2,-5.0,-3.0,0.0,0.0,0,1.0,1.0,0,0)
DispatchTrackball(-1,106864,2,0.0,1.0,0.0,0.0,0,1.0,1.0,0,0)
DispatchTrackball(-1,106864,2,3.0,4.0,0.0,0.0,0,1.0,1.0,0,0)
DispatchTrackball(-1,106864,2,-4.0,-4.0,0.0,0.0,0,1.0,1.0,0,0)
DispatchTrackball(-1,106864,2,1.0,3.0,0.0,0.0,0,1.0,1.0,0,0)
DispatchTrackball(-1,106865,2,1.0,3.0,0.0,0.0,0,1.0,1.0,0,0)
DispatchTrackball(-1,106865,2,-3.0,-5.0,0.0,0.0,0,1.0,1.0,0,0)
DispatchFlip(false)
DispatchKey(106900,106900,0,20,0,0,-1,0)
DispatchKey(106901,106901,1,20,0,0,-1,0)
DispatchPointer(106922,106922,0,716.0,323.0,0.0,0.0,0,1.0,1.0,0,0)
DispatchPointer(106922,106923,2,713.6754,321.3555,0.0,0.0,0,1.0,1.0,0,0)
DispatchPointer(106922,106923,2,713.2709,317.93597,0.0,0.0,0,1.0,1.0,0,0)
DispatchPointer(106922,106924,2,708.2816,312.6035,0.0,0.0,0,1.0,1.0,0,0)
DispatchPointer(106922,106924,2,698.69226,312.4626,0.0,0.0,0,1.0,1.0,0,0)
DispatchPointer(106922,106925,2,692.8755,306.58853,0.0,0.0,0,1.0,1.0,0,0)
DispatchPointer(106922,106925,1,682.11,301.25772,0.0,0.0,0,1.0,1.0,0,0)
DispatchKey(106926,106926,0,20,0,0,-1,0)
DispatchKey(106939,106939,1,20,0,0,-1,0)
DispatchPointer(106947,106947,0,491.0,178.0,0.0,0.0,0,1.0,1.0,0,0)
DispatchPointer(106947,106948,1,507.22818,177.94864,0.0,0.0,0,1.0,1.0,0,0)
DispatchPointer(106951,106951,0,377.0,284.0,0.0,0.0,0,1.0,1.0,0,0)
DispatchPointer(106951,106952,1,383.90247,281.21527,0.0,0.0,0,1.0,1.0,0,0)
DispatchKey(106954,106954,0,22,0,0,-1,0)
DispatchKey(106965,106965,1,22,0,0,-1,0)
DispatchKey(106966,106966,0,19,0,0,-1,0)
DispatchKey(106969,106969,1,19,0,0,-1,0)
DispatchPointer(106972,106972,0,182.0,328.0,0.0,0.0,0,1.0,1.0,0,0)
DispatchPointer(106972,106972,1,178.7422,331.72528,0.0,0.0,0,1.0,1.0,0,0)
DispatchPointer(106973,106973,0,176.0,308.0,0.0,0.0,0,1.0,1.0,0,0)
DispatchPointer(106973,106974,1,167.3635,301.48877,0.0,0.0,0,1.0,1.0,0,0)
DispatchTrackball(-1,106974,2,3.0,-2.0,0.0,0.0,0,1.0,1.0,0,0)
DispatchTrackball(-1,106974,2,-5.0,2.0,0.0,0.0,0,1.0,1.0,0,0)
DispatchTrackball(-1,106975,2,3.0,0.0,0.0,0.0,0,1.0,1.0,0,0)
DispatchTrackball(-1,106975,2,3.0,-3.0,0.0,0.0,0,1.0,1.0,0,0)
DispatchTrackball(-1,106975,2,-2.0,-4.0,0.0,0.0,0,1.0,1.0,0,0)
DispatchTrackball(-1,106976,2,1.0,4.0,0.0,0.0,0,1.0,1.0,0,0)
DispatchTrackball(-1,106977,2,-1.0,4.0,0.0,0.0,0,1.0,1.0,0,0)
DispatchTrackball(-1,106977,2,-1.0,-2.0,0.0,0.0,0,1.0,1.0,0,0)
DispatchTrackball(-1,106978,2,1.0,-1.0,0.0,0.0,0,1.0,1.0,0,0)
DispatchTrackball(-1,106978,2,1.0,1.0,0.0,0.0,0,1.0,1.0,0,0)
DispatchTrackball(-1,106978,2,1.0,4.0,0.0,0.0,0,1.0,1.0,0,0)
DispatchTrackball(-1,106979,2,-2.0,1.0,0.0,0.0,0,1.0,1.0,0,0)
DispatchTrackball(-1,106979,2,-5.0,-2.0,0.0,0.0,0,1.0,1.0,0,0)
DispatchTrackball(-1,106979,2,0.0,-2.0,0.0,0.0,0,1.0,1.0,0,0)
DispatchTrackball(-1,106979,2,-5.0,-1.0,0.0,0.0,0,1.0,1.0,0,0)
DispatchTrackball(-1,106980,2,-2.0,0.0,0.0,0.0,0,1.0,1.0,0,0)
DispatchTrackball(-1,106980,2,1.0,-1.0,0.0,0.0,0,1.0,1.0,0,0)
DispatchTrackball(-1,106980,2,1.0,-3.0,0.0,0.0,0,1.0,1.0,0,0)
DispatchTrackball(-1,106981,2,3.0,0.0,0.0,0.0,0,1.0,1.0,0,0)
DispatchTrackball(-1,106981,2,-1.0,-1.0,0.0,0.0,0,1.0,1.0,0,0)
DispatchTrackball(106978,106981,0,0.0,0.0,0.0,0.0,0,1.0,1.0,0,0)
DispatchTrackball(106978,106981,1,0.0,0.0,0.0,0.0,0,1.0,1.0,0,0)
DispatchPointer(106982,106982,0,713.0,61.0,0.0,0.0,0,1.0,1.0,0,0)
DispatchPointer(106982,106982,2,709.675,56.266605,0.0,0.0,0,1.0,1.0,0,0)
DispatchPointer(106982,106983,2,707.58124,49.04648,0.0,0.0,0,1.0,1.0,0,0)
DispatchPointer(106982,106983,2,704.596,46.881416,0.0,0.0,0,1.0,1.0,0,0)
DispatchPointer(106982,106983,2,700.50037,29.282259,0.0,0.0,0,1.0,1.0,0,0)
DispatchPointer(106982,106984,1,697.8127,16.904877,0.0,0.0,0,1.0,1.0,0,0)
DispatchKey(106984,106984,0,164,0,0,-1,0)
DispatchKey(106996,106996,1,164,0,0,-1,0)
DispatchPointer(107006,107006,0,74.0,901.0,0.0,0.0,0,1.0,1.0,0,0)
DispatchPointer(107006,107007,1,72.57759,901.66235,0.0,0.0,0,1.0,1.0,0,0)
DispatchKey(107007,107007,0,21,0,0,-1,0)
DispatchKey(107008,107008,1,21,0,0,-1,0)
DispatchPointer(107009,107009,0,636.0,392.0,0.0,0.0,0,1.0,1.0,0,0)
DispatchPointer(107009,107009,2,639.0461,396.47275,0.0,0.0,0,1.0,1.0,0,0)
DispatchPointer(107009,107010,2,641.21716,399.72726,0.0,0.0,0,1.0,1.0,0,0)
DispatchPointer(107009,107010,2,642.64777,404.32428,0.0,0.0,0,1.0,1.0,0,0)
DispatchPointer(107009,107012,2,642.9144,408.61728,0.0,0.0,0,1.0,1.0,0,0)
DispatchPointer(107009,107012,2,644.931,412.75354,0.0,0.0,0,1.0,1.0,0,0)
DispatchPointer(107009,107013,2,646.4181,415.19177,0.0,0.0,0,1.0,1.0,0,0)
DispatchPointer(107009,107013,1,646.9323,416.22192,0.0,0.0,0,1.0,1.0,0,0)
DispatchKey(107013,107013,0,21,0,0,-1,0)
DispatchKey(107026,107026,1,21,0,0,-1,0)
DispatchKey(107027,107027,0,164,0,0,-1,0)
DispatchKey(107028,107028,1,164,0,0,-1,0)
DispatchPointer(107029,107029,0,102.0,206.0,0.0,0.0,0,1.0,1.0,0,0)
DispatchPointer(107029,107030,1,104.815216,204.08522,0.0,0.0,0,1.0,1.0,0,0)
DispatchTrackball(-1,107031,2,-3.0,-4.0,0.0,0.0,0,1.0,1.0,0,0)
DispatchTrackball(-1,107032,2,-1.0,-5.0,0.0,0.0,0,1.0,1.0,0,0)
DispatchTrackball(-1,107035,2,-2.0,-5.0,0.0,0.0,0,1.0,1.0,0,0)
DispatchTrackball(-1,107037,2,-3.0,-5.0,0.0,0.0,0,1.0,1.0,0,0)
DispatchTrackball(-1,107038,2,-2.0,-3.0,0.0,0.0,0,1.0,1.0,0,0)
DispatchTrackball(-1,107038,2,-3.0,-5.0,0.0,0.0,0,1.0,1.0,0,0)
DispatchTrackball(-1,107039,2,4.0,-4.0,0.0,0.0,0,1.0,1.0,0,0)
DispatchTrackball(-1,107039,2,4.0,-4.0,0.0,0.0,0,1.0,1.0,0,0)
DispatchTrackball(-1,107040,2,1.0,1.0,0.0,0.0,0,1.0,1.0,0,0)
DispatchTrackball(-1,107040,2,-2.0,1.0,0.0,0.0,0,1.0,1.0,0,0)
DispatchPointer(107041,107041,0,762.0,889.0,0.0,0.0,0,1.0,1.0,0,0)
DispatchPointer(107041,107042,1,755.6127,883.45197,0.0,0.0,0,1.0,1.0,0,0)
DispatchKey(107042,107042,0,23,0,0,-1,0)
DispatchKey(107075,107075,1,23,0,0,-1,0)
DispatchTrackball(-1,107098,2,-2.0,-3.0,0.0,0.0,0,1.0,1.0,0,0)
DispatchTrackball(-1,107098,2,3.0,0.0,0.0,0.0,0,1.0,1.0,0,0)
DispatchTrackball(-1,107099,2,-2.0,-2.0,0.0,0.0,0,1.0,1.0,0,0)
DispatchTrackball(-1,107100,2,1.0,4.0,0.0,0.0,0,1.0,1.0,0,0)
DispatchTrackball(-1,107101,2,-5.0,-2.0,0.0,0.0,0,1.0,1.0,0,0)
DispatchTrackball(-1,107105,2,2.0,-3.0,0.0,0.0,0,1.0,1.0,0,0)
DispatchTrackball(-1,107107,2,4.0,-4.0,0.0,0.0,0,1.0,1.0,0,0)
DispatchTrackball(-1,107108,2,-2.0,-2.0,0.0,0.0,0,1.0,1.0,0,0)
DispatchTrackball(-1,107109,2,1.0,1.0,0.0,0.0,0,1.0,1.0,0,0)
DispatchTrackball(-1,107110,2,-3.0,-1.0,0.0,0.0,0,1.0,1.0,0,0)
DispatchKey(107110,107110,0,82,0,0,-1,0)
DispatchKey(107154,107154,1,82,0,0,-1,0)
DispatchKey(107161,107161,0,82,0,0,-1,0)
DispatchKey(107184,107184,1,82,0,0,-1,0)
DispatchKey(107190,107190,0,23,0,0,-1,0)
DispatchKey(107191,107191,1,23,0,0,-1,0)
DispatchKey(107193,107193,0,22,0,0,-1,0)
DispatchKey(107193,107193,1,22,0,0,-1,0)
DispatchPointer(107222,107222,0,479.0,106.0,0.0,0.0,0,1.0,1.0,0,0)
DispatchPointer(107222,107222,1,474.12057,103.18616,0.0,0.0,0,1.0,1.0,0,0)
DispatchKey(107223,107223,0,19,0,0,-1,0)
DispatchKey(107223,107223,1,19,0,0,-1,0)
DispatchKey(107805,107805,0,22,0,0,-1,0)
DispatchKey(107807,107807,1,22,0,0,-1,0)
DispatchPointer(107810,107810,0,3.0,576.0,0.0,0.0,0,1.0,1.0,0,0)
DispatchPointer(107810,107811,1,3.4686222,580.7223,0.0,0.0,0,1.0,1.0,0,0)
DispatchPointer(107816,107816,0,356.0,1179.0,0.0,0.0,0,1.0,1.0,0,0)
DispatchPointer(107816,107821,1,355.1265,1174.5491,0.0,0.0,0,1.0,1.0,0,0)
DispatchKey(108574,108574,0,23,0,0,-1,0)
DispatchKey(108575,108575,1,23,0,0,-1,0)
DispatchPointer(108580,108580,0,228.0,62.0,0.0,0.0,0,1.0,1.0,0,0)
DispatchPointer(108580,108581,1,228.59499,44.33575,0.0,0.0,0,1.0,1.0,0,0)
DispatchKey(108581,108581,0,19,0,0,-1,0)
DispatchKey(108582,108582,1,19,0,0,-1,0)
DispatchKey(108582,108582,0,20,0,0,-1,0)
DispatchKey(108583,108583,1,20,0,0,-1,0)
DispatchTrackball(-1,108585,2,-2.0,-3.0,0.0,0.0,0,1.0,1.0,0,0)
DispatchTrackball(-1,108587,2,0.0,-3.0,0.0,0.0,0,1.0,1.0,0,0)
