type= raw events
count= -1
speed= 1.0
start data >>
LaunchActivity(a2dp.Vol,a2dp.Vol.main)
DispatchKey(105106,105106,0,23,0,0,-1,0)
DispatchKey(105300,105300,1,23,0,0,-1,0)
DispatchPointer(105311,105311,0,141.0,1174.0,0.0,0.0,0,1.0,1.0,0,0)
DispatchPointer(105311,105312,2,140.95978,1175.2664,0.0,0.0,0,1.0,1.0,0,0)
DispatchPointer(105311,105313,2,140.77827,1175.9723,0.0,0.0,0,1.0,1.0,0,0)
DispatchPointer(105311,105313,2,140.74942,1176.827,0.0,0.0,0,1.0,1.0,0,0)
DispatchPointer(105311,105313,2,140.14963,1177.3778,0.0,0.0,0,1.0,1.0,0,0)
DispatchPointer(105311,105313,2,139.76436,1178.5594,0.0,0.0,0,1.0,1.0,0,0)
DispatchPointer(105311,105314,2,139.20258,1179.4087,0.0,0.0,0,1.0,1.0,0,0)
DispatchPointer(105311,105314,2,138.98485,1181.0193,0.0,0.0,0,1.0,1.0,0,0)
DispatchPointer(105311,105315,2,138.60553,1181.5243,0.0,0.0,0,1.0,1.0,0,0)
DispatchPointer(105311,105315,1,138.48697,1182.2075,0.0,0.0,0,1.0,1.0,0,0)
DispatchKey(105316,105316,0,19,0,0,-1,0)
DispatchKey(105338,105338,1,19,0,0,-1,0)
DispatchKey(105340,105340,0,20,0,0,-1,0)
DispatchKey(105343,105343,1,20,0,0,-1,0)
DispatchPointer(105382,105383,0,183.0,482.0,0.0,0.0,0,1.0,1.0,0,0)
DispatchPointer(105382,105385,2,198.87923,480.28717,0.0,0.0,0,1.0,1.0,0,0)
DispatchPointer(105382,105389,2,210.58308,474.7291,0.0,0.0,0,1.0,1.0,0,0)
DispatchPointer(105382,105392,2,215.68188,469.7423,0.0,0.0,0,1.0,1.0,0,0)
DispatchPointer(105382,105393,2,224.7546,464.3611,0.0,0.0,0,1.0,1.0,0,0)
DispatchPointer(105382,105394,1,236.73346,462.78018,0.0,0.0,0,1.0,1.0,0,0)
DispatchPointer(105395,105396,0,434.0,925.0,0.0,0.0,0,1.0,1.0,0,0)
DispatchPointer(105395,105408,2,425.19363,924.0015,0.0,0.0,0,1.0,1.0,0,0)
DispatchPointer(105395,105410,2,423.87335,922.7855,0.0,0.0,0,1.0,1.0,0,0)
DispatchPointer(105395,105413,2,413.98358,921.8173,0.0,0.0,0,1.0,1.0,0,0)
DispatchPointer(105395,105415,2,394.74326,920.5313,0.0,0.0,0,1.0,1.0,0,0)
DispatchPointer(105395,105421,2,390.19724,919.04767,0.0,0.0,0,1.0,1.0,0,0)
DispatchPointer(105395,105424,2,389.14194,917.8864,0.0,0.0,0,1.0,1.0,0,0)
DispatchPointer(105395,105424,1,376.95203,917.4053,0.0,0.0,0,1.0,1.0,0,0)
DispatchPointer(105427,105427,0,391.0,234.0,0.0,0.0,0,1.0,1.0,0,0)
DispatchPointer(105427,105428,1,391.25958,230.6504,0.0,0.0,0,1.0,1.0,0,0)
DispatchKey(105429,105429,0,22,0,0,-1,0)
DispatchKey(105430,105430,1,22,0,0,-1,0)
DispatchTrackball(-1,105431,2,-2.0,1.0,0.0,0.0,0,1.0,1.0,0,0)
DispatchTrackball(-1,105432,2,-4.0,-1.0,0.0,0.0,0,1.0,1.0,0,0)
DispatchTrackball(-1,105432,2,-1.0,4.0,0.0,0.0,0,1.0,1.0,0,0)
DispatchTrackball(-1,105433,2,-1.0,-3.0,0.0,0.0,0,1.0,1.0,0,0)
DispatchTrackball(-1,105433,2,-4.0,-5.0,0.0,0.0,0,1.0,1.0,0,0)
DispatchTrackball(-1,105435,2,4.0,2.0,0.0,0.0,0,1.0,1.0,0,0)
DispatchTrackball(-1,105435,2,-5.0,-3.0,0.0,0.0,0,1.0,1.0,0,0)
DispatchTrackball(-1,105436,2,-1.0,3.0,0.0,0.0,0,1.0,1.0,0,0)
DispatchTrackball(-1,105436,2,1.0,1.0,0.0,0.0,0,1.0,1.0,0,0)
DispatchTrackball(-1,105437,2,1.0,-3.0,0.0,0.0,0,1.0,1.0,0,0)
DispatchPointer(105441,105441,0,715.0,1008.0,0.0,0.0,0,1.0,1.0,0,0)
DispatchPointer(105441,105444,1,712.8924,1010.0488,0.0,0.0,0,1.0,1.0,0,0)
DispatchKey(105446,105446,0,23,0,0,-1,0)
DispatchKey(105487,105487,1,23,0,0,-1,0)
DispatchKey(105497,105497,0,20,0,0,-1,0)
DispatchKey(105527,105527,1,20,0,0,-1,0)
DispatchKey(105529,105529,0,7,0,0,-1,0)
DispatchKey(105541,105541,1,7,0,0,-1,0)
DispatchKey(105543,105543,0,220,0,0,-1,0)
DispatchKey(105559,105559,1,220,0,0,-1,0)
DispatchKey(105563,105563,0,23,0,0,-1,0)
DispatchKey(105571,105571,1,23,0,0,-1,0)
DispatchKey(105813,105813,0,19,0,0,-1,0)
DispatchKey(105814,105814,1,19,0,0,-1,0)
DispatchTrackball(-1,105949,2,-3.0,0.0,0.0,0.0,0,1.0,1.0,0,0)
DispatchTrackball(-1,105954,2,2.0,-4.0,0.0,0.0,0,1.0,1.0,0,0)
DispatchTrackball(-1,105957,2,-2.0,-2.0,0.0,0.0,0,1.0,1.0,0,0)
DispatchTrackball(-1,105958,2,-4.0,-2.0,0.0,0.0,0,1.0,1.0,0,0)
DispatchTrackball(-1,105958,2,-3.0,-3.0,0.0,0.0,0,1.0,1.0,0,0)
DispatchTrackball(-1,105959,2,4.0,2.0,0.0,0.0,0,1.0,1.0,0,0)
DispatchTrackball(-1,105959,2,1.0,-3.0,0.0,0.0,0,1.0,1.0,0,0)
DispatchTrackball(-1,105960,2,1.0,-1.0,0.0,0.0,0,1.0,1.0,0,0)
DispatchTrackball(-1,105961,2,-1.0,3.0,0.0,0.0,0,1.0,1.0,0,0)
DispatchTrackball(-1,105962,2,-5.0,0.0,0.0,0.0,0,1.0,1.0,0,0)
DispatchPointer(105962,105962,0,461.0,1101.0,0.0,0.0,0,1.0,1.0,0,0)
DispatchPointer(105962,105964,1,472.01627,1101.1344,0.0,0.0,0,1.0,1.0,0,0)
DispatchKey(105965,105965,0,82,0,0,-1,0)
DispatchKey(105983,105983,1,82,0,0,-1,0)
DispatchKey(105991,105991,0,82,0,0,-1,0)
DispatchKey(105995,105995,1,82,0,0,-1,0)
DispatchPointer(106047,106047,0,307.0,1031.0,0.0,0.0,0,1.0,1.0,0,0)
DispatchPointer(106086,106086,0,165.0,794.0,0.0,0.0,0,1.0,1.0,0,0)
DispatchPointer(106086,106089,2,165.28093,789.4455,0.0,0.0,0,1.0,1.0,0,0)
DispatchPointer(106086,106089,2,165.34825,780.7235,0.0,0.0,0,1.0,1.0,0,0)
DispatchPointer(106086,106107,2,165.43481,774.7929,0.0,0.0,0,1.0,1.0,0,0)
DispatchPointer(106086,106108,1,165.5595,769.1906,0.0,0.0,0,1.0,1.0,0,0)
DispatchTrackball(-1,106117,2,-3.0,-2.0,0.0,0.0,0,1.0,1.0,0,0)
DispatchTrackball(-1,106128,2,-2.0,-4.0,0.0,0.0,0,1.0,1.0,0,0)
DispatchTrackball(-1,106132,2,1.0,-2.0,0.0,0.0,0,1.0,1.0,0,0)
DispatchTrackball(-1,106132,2,0.0,-1.0,0.0,0.0,0,1.0,1.0,0,0)
DispatchTrackball(-1,106143,2,-4.0,1.0,0.0,0.0,0,1.0,1.0,0,0)
DispatchTrackball(-1,106157,2,-5.0,-3.0,0.0,0.0,0,1.0,1.0,0,0)
DispatchTrackball(-1,106159,2,-5.0,-2.0,0.0,0.0,0,1.0,1.0,0,0)
DispatchTrackball(-1,106160,2,-4.0,4.0,0.0,0.0,0,1.0,1.0,0,0)
DispatchTrackball(-1,106163,2,-3.0,3.0,0.0,0.0,0,1.0,1.0,0,0)
DispatchTrackball(-1,106165,2,4.0,-4.0,0.0,0.0,0,1.0,1.0,0,0)
DispatchPointer(106166,106166,0,251.0,214.0,0.0,0.0,0,1.0,1.0,0,0)
DispatchPointer(106166,106167,1,244.72958,219.01524,0.0,0.0,0,1.0,1.0,0,0)
DispatchKey(106167,106167,0,20,0,0,-1,0)
DispatchKey(106244,106244,1,20,0,0,-1,0)
DispatchKey(106304,106304,0,82,0,0,-1,0)
DispatchKey(106310,106310,1,82,0,0,-1,0)
DispatchKey(106336,106336,0,21,0,0,-1,0)
DispatchKey(106388,106388,1,21,0,0,-1,0)
DispatchKey(106391,106391,0,21,0,0,-1,0)
DispatchKey(106392,106392,1,21,0,0,-1,0)
DispatchKey(106392,106392,0,23,0,0,-1,0)
DispatchKey(106394,106394,1,23,0,0,-1,0)
DispatchKey(106394,106394,0,21,0,0,-1,0)
DispatchKey(106395,106395,1,21,0,0,-1,0)
DispatchKey(106395,106395,0,21,0,0,-1,0)
DispatchKey(106396,106396,1,21,0,0,-1,0)
DispatchKey(106396,106396,0,23,0,0,-1,0)
DispatchKey(106397,106397,1,23,0,0,-1,0)
DispatchTrackball(-1,106398,2,2.0,2.0,0.0,0.0,0,1.0,1.0,0,0)
DispatchTrackball(-1,106399,2,4.0,-2.0,0.0,0.0,0,1.0,1.0,0,0)
DispatchTrackball(-1,106400,2,3.0,0.0,0.0,0.0,0,1.0,1.0,0,0)
DispatchTrackball(-1,106409,2,-3.0,-1.0,0.0,0.0,0,1.0,1.0,0,0)
DispatchTrackball(-1,106410,2,2.0,-5.0,0.0,0.0,0,1.0,1.0,0,0)
DispatchTrackball(-1,106410,2,-3.0,-1.0,0.0,0.0,0,1.0,1.0,0,0)
DispatchTrackball(-1,106410,2,2.0,2.0,0.0,0.0,0,1.0,1.0,0,0)
DispatchTrackball(-1,106411,2,-4.0,0.0,0.0,0.0,0,1.0,1.0,0,0)
DispatchTrackball(-1,106412,2,-4.0,-3.0,0.0,0.0,0,1.0,1.0,0,0)
DispatchTrackball(-1,106415,2,-5.0,3.0,0.0,0.0,0,1.0,1.0,0,0)
DispatchKey(106415,106415,0,82,0,0,-1,0)
DispatchKey(106437,106437,1,82,0,0,-1,0)
DispatchKey(106438,106438,0,82,0,0,-1,0)
DispatchKey(106443,106443,1,82,0,0,-1,0)
DispatchKey(106444,106444,0,20,0,0,-1,0)
DispatchKey(106445,106445,1,20,0,0,-1,0)
GUIGen(2)
DispatchPointer(110895,110895,0,256.0,517.0,0.0,0.0,0,1.0,1.0,0,0)
DispatchPointer(110895,110902,1,276.61557,508.37723,0.0,0.0,0,1.0,1.0,0,0)
DispatchPointer(110903,110903,0,731.0,370.0,0.0,0.0,0,1.0,1.0,0,0)
DispatchPointer(110903,110914,1,752.6586,376.0254,0.0,0.0,0,1.0,1.0,0,0)
DispatchPointer(110916,110916,0,585.0,722.0,0.0,0.0,0,1.0,1.0,0,0)
DispatchPointer(110916,110917,2,574.81335,728.5608,0.0,0.0,0,1.0,1.0,0,0)
DispatchPointer(110916,110917,1,573.3158,746.5826,0.0,0.0,0,1.0,1.0,0,0)
DispatchKey(110931,110931,0,19,0,0,-1,0)
DispatchKey(110987,110987,1,19,0,0,-1,0)
DispatchTrackball(-1,110996,2,4.0,-3.0,0.0,0.0,0,1.0,1.0,0,0)
DispatchTrackball(-1,111011,2,-4.0,-1.0,0.0,0.0,0,1.0,1.0,0,0)
DispatchTrackball(-1,111013,2,-4.0,0.0,0.0,0.0,0,1.0,1.0,0,0)
DispatchTrackball(-1,111015,2,-4.0,1.0,0.0,0.0,0,1.0,1.0,0,0)
DispatchTrackball(-1,111016,2,3.0,-2.0,0.0,0.0,0,1.0,1.0,0,0)
DispatchTrackball(-1,111016,2,3.0,3.0,0.0,0.0,0,1.0,1.0,0,0)
DispatchTrackball(-1,111022,2,-2.0,-3.0,0.0,0.0,0,1.0,1.0,0,0)
DispatchTrackball(-1,111027,2,1.0,1.0,0.0,0.0,0,1.0,1.0,0,0)
DispatchTrackball(-1,111030,2,1.0,0.0,0.0,0.0,0,1.0,1.0,0,0)
DispatchTrackball(-1,111033,2,-1.0,-5.0,0.0,0.0,0,1.0,1.0,0,0)
DispatchKey(111034,111034,0,82,0,0,-1,0)
DispatchKey(111094,111094,1,82,0,0,-1,0)
DispatchKey(111164,111164,0,82,0,0,-1,0)
DispatchKey(111222,111222,1,82,0,0,-1,0)
DispatchKey(112961,112961,0,23,0,0,-1,0)
DispatchKey(112963,112963,1,23,0,0,-1,0)
DispatchPointer(112965,112965,0,699.0,415.0,0.0,0.0,0,1.0,1.0,0,0)
DispatchPointer(112965,112972,2,700.1254,432.95316,0.0,0.0,0,1.0,1.0,0,0)
DispatchPointer(112965,113017,2,706.0878,453.7459,0.0,0.0,0,1.0,1.0,0,0)
DispatchPointer(112965,113048,2,707.98486,467.75595,0.0,0.0,0,1.0,1.0,0,0)
DispatchPointer(112965,113048,2,715.42834,471.3859,0.0,0.0,0,1.0,1.0,0,0)
DispatchPointer(112965,113049,2,718.2898,472.41156,0.0,0.0,0,1.0,1.0,0,0)
DispatchPointer(112965,113050,1,722.2539,490.61917,0.0,0.0,0,1.0,1.0,0,0)
DispatchKey(113051,113051,0,23,0,0,-1,0)
DispatchKey(113186,113186,1,23,0,0,-1,0)
DispatchKey(113307,113307,0,23,0,0,-1,0)
DispatchKey(113434,113434,1,23,0,0,-1,0)
DispatchKey(113437,113437,0,37,0,0,-1,0)
DispatchKey(113474,113474,1,37,0,0,-1,0)
DispatchTrackball(-1,113534,2,1.0,2.0,0.0,0.0,0,1.0,1.0,0,0)
DispatchTrackball(-1,113535,2,-4.0,4.0,0.0,0.0,0,1.0,1.0,0,0)
DispatchTrackball(-1,113538,2,0.0,2.0,0.0,0.0,0,1.0,1.0,0,0)
DispatchTrackball(-1,113539,2,-3.0,-5.0,0.0,0.0,0,1.0,1.0,0,0)
DispatchTrackball(-1,113540,2,-1.0,4.0,0.0,0.0,0,1.0,1.0,0,0)
DispatchTrackball(-1,113541,2,-5.0,-2.0,0.0,0.0,0,1.0,1.0,0,0)
DispatchTrackball(-1,113541,2,-1.0,2.0,0.0,0.0,0,1.0,1.0,0,0)
DispatchTrackball(-1,113542,2,-3.0,3.0,0.0,0.0,0,1.0,1.0,0,0)
DispatchTrackball(-1,113542,2,-2.0,-4.0,0.0,0.0,0,1.0,1.0,0,0)
DispatchTrackball(-1,113542,2,-5.0,2.0,0.0,0.0,0,1.0,1.0,0,0)
DispatchKey(113543,113543,0,22,0,0,-1,0)
DispatchKey(113703,113703,1,22,0,0,-1,0)
DispatchKey(113720,113720,0,82,0,0,-1,0)
DispatchKey(113730,113730,1,82,0,0,-1,0)
DispatchPointer(113734,113734,0,746.0,164.0,0.0,0.0,0,1.0,1.0,0,0)
DispatchPointer(113734,113750,1,729.8624,166.40742,0.0,0.0,0,1.0,1.0,0,0)
DispatchPointer(113764,113764,0,78.0,743.0,0.0,0.0,0,1.0,1.0,0,0)
DispatchPointer(113764,113766,261,72.46742,747.6466,0.0,0.0,0,1.0,1.0,0,0)
DispatchPointer(113764,113767,2,48.874084,752.5364,0.0,0.0,0,1.0,1.0,0,0)
DispatchPointer(113764,113767,2,48.745106,757.4628,0.0,0.0,0,1.0,1.0,0,0)
DispatchPointer(113764,113768,2,48.325497,758.59174,0.0,0.0,0,1.0,1.0,0,0)
DispatchPointer(113764,113774,2,40.521458,760.82825,0.0,0.0,0,1.0,1.0,0,0)
DispatchPointer(113764,113774,2,38.193924,763.0796,0.0,0.0,0,1.0,1.0,0,0)
DispatchPointer(113764,113775,2,28.440958,763.2435,0.0,0.0,0,1.0,1.0,0,0)
DispatchPointer(113764,113777,2,14.46913,768.06,0.0,0.0,0,1.0,1.0,0,0)
DispatchPointer(113764,113779,262,0.0,772.5648,0.0,0.0,0,1.0,1.0,0,0)
DispatchPointer(113764,113782,1,0.0,777.3117,0.0,0.0,0,1.0,1.0,0,0)
DispatchKey(113815,113815,0,20,0,0,-1,0)
DispatchKey(113864,113864,1,20,0,0,-1,0)
DispatchKey(113932,113932,0,19,0,0,-1,0)
DispatchKey(113988,113988,1,19,0,0,-1,0)
DispatchPointer(114047,114047,0,704.0,929.0,0.0,0.0,0,1.0,1.0,0,0)
DispatchPointer(114047,114049,1,698.42303,922.8866,0.0,0.0,0,1.0,1.0,0,0)
DispatchTrackball(-1,114049,2,-1.0,-2.0,0.0,0.0,0,1.0,1.0,0,0)
DispatchTrackball(-1,114050,2,-4.0,-2.0,0.0,0.0,0,1.0,1.0,0,0)
DispatchTrackball(-1,114050,2,2.0,-2.0,0.0,0.0,0,1.0,1.0,0,0)
DispatchTrackball(-1,114050,2,-5.0,3.0,0.0,0.0,0,1.0,1.0,0,0)
DispatchTrackball(-1,114051,2,-4.0,3.0,0.0,0.0,0,1.0,1.0,0,0)
DispatchTrackball(-1,114051,2,-5.0,2.0,0.0,0.0,0,1.0,1.0,0,0)
DispatchTrackball(-1,114051,2,-1.0,-3.0,0.0,0.0,0,1.0,1.0,0,0)
DispatchTrackball(-1,114052,2,-1.0,1.0,0.0,0.0,0,1.0,1.0,0,0)
DispatchTrackball(-1,114052,2,-4.0,-5.0,0.0,0.0,0,1.0,1.0,0,0)
DispatchTrackball(-1,114052,2,4.0,-2.0,0.0,0.0,0,1.0,1.0,0,0)
DispatchTrackball(114049,114057,0,0.0,0.0,0.0,0.0,0,1.0,1.0,0,0)
DispatchTrackball(114049,114058,1,0.0,0.0,0.0,0.0,0,1.0,1.0,0,0)
DispatchPointer(114058,114058,0,582.0,1147.0,0.0,0.0,0,1.0,1.0,0,0)
DispatchPointer(114058,114060,2,581.334,1147.3429,0.0,0.0,0,1.0,1.0,0,0)
DispatchPointer(114058,114061,2,575.39935,1149.299,0.0,0.0,0,1.0,1.0,0,0)
DispatchPointer(114058,114063,2,572.536,1151.6945,0.0,0.0,0,1.0,1.0,0,0)
DispatchPointer(114058,114064,1,568.6525,1152.0308,0.0,0.0,0,1.0,1.0,0,0)
DispatchKey(114065,114065,0,19,0,0,-1,0)
DispatchKey(114114,114114,1,19,0,0,-1,0)
DispatchTrackball(-1,114168,2,0.0,3.0,0.0,0.0,0,1.0,1.0,0,0)
DispatchTrackball(-1,114169,2,-2.0,3.0,0.0,0.0,0,1.0,1.0,0,0)
DispatchTrackball(-1,114171,2,2.0,-3.0,0.0,0.0,0,1.0,1.0,0,0)
DispatchTrackball(-1,114174,2,3.0,-2.0,0.0,0.0,0,1.0,1.0,0,0)
DispatchTrackball(-1,114175,2,4.0,-1.0,0.0,0.0,0,1.0,1.0,0,0)
DispatchTrackball(-1,114175,2,-5.0,2.0,0.0,0.0,0,1.0,1.0,0,0)
DispatchTrackball(-1,114175,2,2.0,4.0,0.0,0.0,0,1.0,1.0,0,0)
DispatchTrackball(-1,114176,2,-2.0,-5.0,0.0,0.0,0,1.0,1.0,0,0)
DispatchTrackball(-1,114178,2,-3.0,4.0,0.0,0.0,0,1.0,1.0,0,0)
DispatchTrackball(-1,114178,2,1.0,-3.0,0.0,0.0,0,1.0,1.0,0,0)
DispatchTrackball(-1,114182,2,3.0,0.0,0.0,0.0,0,1.0,1.0,0,0)
DispatchTrackball(-1,114196,2,-1.0,0.0,0.0,0.0,0,1.0,1.0,0,0)
DispatchTrackball(-1,114197,2,3.0,-4.0,0.0,0.0,0,1.0,1.0,0,0)
DispatchTrackball(-1,114197,2,4.0,3.0,0.0,0.0,0,1.0,1.0,0,0)
DispatchTrackball(-1,114199,2,-3.0,-2.0,0.0,0.0,0,1.0,1.0,0,0)
DispatchTrackball(-1,114200,2,4.0,-3.0,0.0,0.0,0,1.0,1.0,0,0)
DispatchTrackball(-1,114201,2,-3.0,-2.0,0.0,0.0,0,1.0,1.0,0,0)
DispatchTrackball(-1,114202,2,-5.0,-2.0,0.0,0.0,0,1.0,1.0,0,0)
DispatchTrackball(-1,114204,2,4.0,-4.0,0.0,0.0,0,1.0,1.0,0,0)
DispatchTrackball(-1,114205,2,-5.0,1.0,0.0,0.0,0,1.0,1.0,0,0)
DispatchTrackball(114182,114205,0,0.0,0.0,0.0,0.0,0,1.0,1.0,0,0)
DispatchTrackball(114182,114205,1,0.0,0.0,0.0,0.0,0,1.0,1.0,0,0)
GUIGen(10)
DispatchPointer(126052,126052,0,169.0,594.0,0.0,0.0,0,1.0,1.0,0,0)
DispatchPointer(126052,126053,2,163.33371,593.7592,0.0,0.0,0,1.0,1.0,0,0)
DispatchPointer(126052,126054,2,161.51709,593.23816,0.0,0.0,0,1.0,1.0,0,0)
DispatchPointer(126052,126054,2,156.6743,593.048,0.0,0.0,0,1.0,1.0,0,0)
DispatchPointer(126052,126054,2,152.55649,592.86017,0.0,0.0,0,1.0,1.0,0,0)
DispatchPointer(126052,126055,2,151.06348,592.3911,0.0,0.0,0,1.0,1.0,0,0)
DispatchPointer(126052,126055,1,144.17789,592.21136,0.0,0.0,0,1.0,1.0,0,0)
DispatchKey(126055,126055,0,21,0,0,-1,0)
DispatchKey(126076,126076,1,21,0,0,-1,0)
DispatchTrackball(-1,126077,2,3.0,-5.0,0.0,0.0,0,1.0,1.0,0,0)
DispatchTrackball(-1,126077,2,0.0,-3.0,0.0,0.0,0,1.0,1.0,0,0)
DispatchTrackball(-1,126078,2,-4.0,4.0,0.0,0.0,0,1.0,1.0,0,0)
DispatchTrackball(-1,126078,2,3.0,-5.0,0.0,0.0,0,1.0,1.0,0,0)
DispatchTrackball(-1,126078,2,-5.0,-3.0,0.0,0.0,0,1.0,1.0,0,0)
DispatchTrackball(-1,126079,2,2.0,1.0,0.0,0.0,0,1.0,1.0,0,0)
DispatchTrackball(-1,126079,2,4.0,2.0,0.0,0.0,0,1.0,1.0,0,0)
DispatchTrackball(-1,126079,2,4.0,-3.0,0.0,0.0,0,1.0,1.0,0,0)
DispatchTrackball(-1,126080,2,-4.0,2.0,0.0,0.0,0,1.0,1.0,0,0)
DispatchTrackball(-1,126080,2,4.0,0.0,0.0,0.0,0,1.0,1.0,0,0)
DispatchPointer(126081,126081,0,533.0,1128.0,0.0,0.0,0,1.0,1.0,0,0)
DispatchPointer(126081,126083,1,539.6316,1105.3481,0.0,0.0,0,1.0,1.0,0,0)
DispatchKey(126087,126087,0,23,0,0,-1,0)
