type= raw events
count= -1
speed= 1.0
start data >>
LaunchActivity(a2dp.Vol,a2dp.Vol.main)
DispatchPointer(174222,174222,0,150.0,77.0,0.0,0.0,0,1.0,1.0,0,0)
DispatchPointer(174222,174230,1,150.52971,78.55138,0.0,0.0,0,1.0,1.0,0,0)
LaunchActivity(a2dp.Vol,a2dp.Vol.main)
DispatchTrackball(-1,174248,2,1.0,-5.0,0.0,0.0,0,1.0,1.0,0,0)
DispatchTrackball(-1,174400,2,-1.0,-5.0,0.0,0.0,0,1.0,1.0,0,0)
DispatchTrackball(-1,174403,2,-2.0,-2.0,0.0,0.0,0,1.0,1.0,0,0)
DispatchTrackball(-1,174405,2,3.0,-1.0,0.0,0.0,0,1.0,1.0,0,0)
DispatchTrackball(-1,174405,2,-1.0,-1.0,0.0,0.0,0,1.0,1.0,0,0)
DispatchTrackball(-1,174406,2,3.0,3.0,0.0,0.0,0,1.0,1.0,0,0)
DispatchTrackball(-1,174407,2,-4.0,-5.0,0.0,0.0,0,1.0,1.0,0,0)
DispatchTrackball(-1,174407,2,-5.0,-1.0,0.0,0.0,0,1.0,1.0,0,0)
DispatchTrackball(-1,174408,2,-2.0,-4.0,0.0,0.0,0,1.0,1.0,0,0)
DispatchTrackball(-1,174409,2,3.0,-1.0,0.0,0.0,0,1.0,1.0,0,0)
DispatchPointer(174411,174411,0,386.0,348.0,0.0,0.0,0,1.0,1.0,0,0)
DispatchPointer(174411,174412,1,391.55444,347.69263,0.0,0.0,0,1.0,1.0,0,0)
LaunchActivity(a2dp.Vol,a2dp.Vol.main)
GUIGen(5)
DispatchKey(191486,191486,0,82,0,0,-1,0)
DispatchKey(191487,191487,1,82,0,0,-1,0)
DispatchKey(191487,191487,0,22,0,0,-1,0)
DispatchKey(191491,191491,1,22,0,0,-1,0)
LaunchActivity(a2dp.Vol,a2dp.Vol.main)
DispatchKey(191495,191495,0,21,0,0,-1,0)
DispatchKey(191495,191495,1,21,0,0,-1,0)
DispatchPointer(191500,191500,0,328.0,1097.0,0.0,0.0,0,1.0,1.0,0,0)
DispatchPointer(191500,191504,2,316.7942,1091.231,0.0,0.0,0,1.0,1.0,0,0)
DispatchPointer(191500,191514,2,306.39056,1083.2317,0.0,0.0,0,1.0,1.0,0,0)
DispatchPointer(191500,191514,2,299.61502,1077.9557,0.0,0.0,0,1.0,1.0,0,0)
DispatchPointer(191500,191516,2,286.2671,1070.5237,0.0,0.0,0,1.0,1.0,0,0)
DispatchPointer(191500,191517,2,271.6175,1068.5431,0.0,0.0,0,1.0,1.0,0,0)
DispatchPointer(191500,191517,1,253.28104,1057.727,0.0,0.0,0,1.0,1.0,0,0)
DispatchPointer(191518,191518,0,0.0,1088.0,0.0,0.0,0,1.0,1.0,0,0)
DispatchPointer(191518,191518,1,21.582323,1089.878,0.0,0.0,0,1.0,1.0,0,0)
DispatchKey(191520,191520,0,23,0,0,-1,0)
DispatchKey(191535,191535,1,23,0,0,-1,0)
DispatchKey(191555,191555,0,23,0,0,-1,0)
DispatchKey(191580,191580,1,23,0,0,-1,0)
DispatchKey(191584,191584,0,20,0,0,-1,0)
DispatchKey(191584,191584,1,20,0,0,-1,0)
DispatchKey(191599,191599,0,21,0,0,-1,0)
DispatchKey(191600,191600,1,21,0,0,-1,0)
DispatchKey(191616,191616,0,82,0,0,-1,0)
DispatchKey(191617,191617,1,82,0,0,-1,0)
DispatchKey(191618,191618,0,21,0,0,-1,0)
DispatchKey(191620,191620,1,21,0,0,-1,0)
DispatchKey(191622,191622,0,82,0,0,-1,0)
DispatchKey(191623,191623,1,82,0,0,-1,0)
DispatchKey(191624,191624,0,22,0,0,-1,0)
DispatchKey(191625,191625,1,22,0,0,-1,0)
DispatchKey(191626,191626,0,65,0,0,-1,0)
DispatchKey(191627,191627,1,65,0,0,-1,0)
DispatchKey(191629,191629,0,23,0,0,-1,0)
DispatchKey(191630,191630,1,23,0,0,-1,0)
DispatchPointer(191631,191631,0,740.0,726.0,0.0,0.0,0,1.0,1.0,0,0)
DispatchPointer(191631,191632,1,722.3942,717.1428,0.0,0.0,0,1.0,1.0,0,0)
DispatchTrackball(-1,191634,2,1.0,-2.0,0.0,0.0,0,1.0,1.0,0,0)
DispatchTrackball(-1,191635,2,3.0,-1.0,0.0,0.0,0,1.0,1.0,0,0)
DispatchTrackball(-1,191635,2,-2.0,0.0,0.0,0.0,0,1.0,1.0,0,0)
DispatchTrackball(-1,191635,2,3.0,-5.0,0.0,0.0,0,1.0,1.0,0,0)
DispatchTrackball(-1,191635,2,4.0,2.0,0.0,0.0,0,1.0,1.0,0,0)
DispatchTrackball(-1,191636,2,3.0,4.0,0.0,0.0,0,1.0,1.0,0,0)
DispatchTrackball(-1,191636,2,-1.0,4.0,0.0,0.0,0,1.0,1.0,0,0)
DispatchTrackball(-1,191637,2,0.0,-4.0,0.0,0.0,0,1.0,1.0,0,0)
DispatchTrackball(-1,191637,2,3.0,-1.0,0.0,0.0,0,1.0,1.0,0,0)
DispatchTrackball(-1,191637,2,1.0,-1.0,0.0,0.0,0,1.0,1.0,0,0)
GUIGen(4)
DispatchPointer(199881,199881,0,766.0,1183.0,0.0,0.0,0,1.0,1.0,0,0)
DispatchPointer(199881,199886,1,753.51074,1184.0,0.0,0.0,0,1.0,1.0,0,0)
DispatchKey(199886,199886,0,20,0,0,-1,0)
DispatchKey(199889,199889,1,20,0,0,-1,0)
DispatchKey(199915,199915,0,55,0,0,-1,0)
DispatchKey(199918,199918,1,55,0,0,-1,0)
DispatchTrackball(-1,199919,2,2.0,-4.0,0.0,0.0,0,1.0,1.0,0,0)
DispatchTrackball(-1,199923,2,2.0,0.0,0.0,0.0,0,1.0,1.0,0,0)
DispatchTrackball(-1,199924,2,-2.0,-5.0,0.0,0.0,0,1.0,1.0,0,0)
DispatchTrackball(-1,199926,2,2.0,2.0,0.0,0.0,0,1.0,1.0,0,0)
DispatchTrackball(-1,199928,2,3.0,-1.0,0.0,0.0,0,1.0,1.0,0,0)
DispatchTrackball(-1,199930,2,4.0,4.0,0.0,0.0,0,1.0,1.0,0,0)
DispatchTrackball(-1,199931,2,-2.0,-1.0,0.0,0.0,0,1.0,1.0,0,0)
DispatchTrackball(-1,199931,2,4.0,-5.0,0.0,0.0,0,1.0,1.0,0,0)
DispatchTrackball(-1,199933,2,3.0,-2.0,0.0,0.0,0,1.0,1.0,0,0)
DispatchTrackball(-1,199934,2,1.0,-2.0,0.0,0.0,0,1.0,1.0,0,0)
DispatchKey(199936,199936,0,22,0,0,-1,0)
DispatchKey(199951,199951,1,22,0,0,-1,0)
LaunchActivity(a2dp.Vol,a2dp.Vol.main)
DispatchPointer(199955,199955,0,165.0,343.0,0.0,0.0,0,1.0,1.0,0,0)
DispatchPointer(199955,199956,1,154.44449,350.58194,0.0,0.0,0,1.0,1.0,0,0)
DispatchTrackball(-1,199956,2,4.0,-5.0,0.0,0.0,0,1.0,1.0,0,0)
DispatchTrackball(-1,199958,2,0.0,-4.0,0.0,0.0,0,1.0,1.0,0,0)
DispatchTrackball(-1,199964,2,-3.0,-4.0,0.0,0.0,0,1.0,1.0,0,0)
DispatchTrackball(-1,199965,2,-4.0,3.0,0.0,0.0,0,1.0,1.0,0,0)
DispatchTrackball(-1,199966,2,-2.0,2.0,0.0,0.0,0,1.0,1.0,0,0)
DispatchTrackball(-1,199966,2,2.0,-2.0,0.0,0.0,0,1.0,1.0,0,0)
DispatchTrackball(-1,199966,2,2.0,1.0,0.0,0.0,0,1.0,1.0,0,0)
DispatchTrackball(-1,199966,2,4.0,1.0,0.0,0.0,0,1.0,1.0,0,0)
DispatchTrackball(-1,199969,2,-5.0,1.0,0.0,0.0,0,1.0,1.0,0,0)
DispatchTrackball(-1,199970,2,4.0,-5.0,0.0,0.0,0,1.0,1.0,0,0)
DispatchKey(199970,199970,0,21,0,0,-1,0)
DispatchKey(199992,199992,1,21,0,0,-1,0)
DispatchPointer(199995,199995,0,619.0,704.0,0.0,0.0,0,1.0,1.0,0,0)
DispatchPointer(199995,199998,1,598.9142,701.1867,0.0,0.0,0,1.0,1.0,0,0)
DispatchKey(200000,200000,0,21,0,0,-1,0)
DispatchKey(200000,200000,1,21,0,0,-1,0)
DispatchKey(200001,200001,0,19,0,0,-1,0)
DispatchKey(200002,200002,1,19,0,0,-1,0)
DispatchTrackball(-1,200003,2,2.0,-5.0,0.0,0.0,0,1.0,1.0,0,0)
DispatchTrackball(-1,200009,2,-3.0,-4.0,0.0,0.0,0,1.0,1.0,0,0)
DispatchTrackball(-1,200010,2,-5.0,-1.0,0.0,0.0,0,1.0,1.0,0,0)
DispatchTrackball(-1,200014,2,-2.0,2.0,0.0,0.0,0,1.0,1.0,0,0)
DispatchTrackball(-1,200018,2,1.0,0.0,0.0,0.0,0,1.0,1.0,0,0)
DispatchTrackball(-1,200018,2,4.0,-4.0,0.0,0.0,0,1.0,1.0,0,0)
DispatchTrackball(-1,200024,2,-1.0,2.0,0.0,0.0,0,1.0,1.0,0,0)
DispatchTrackball(-1,200025,2,-2.0,-3.0,0.0,0.0,0,1.0,1.0,0,0)
DispatchTrackball(-1,200026,2,-1.0,3.0,0.0,0.0,0,1.0,1.0,0,0)
DispatchTrackball(-1,200027,2,-3.0,3.0,0.0,0.0,0,1.0,1.0,0,0)
DispatchPointer(200027,200027,0,370.0,1124.0,0.0,0.0,0,1.0,1.0,0,0)
DispatchPointer(200027,200028,2,354.30978,1123.448,0.0,0.0,0,1.0,1.0,0,0)
DispatchPointer(200027,200029,2,337.37344,1120.233,0.0,0.0,0,1.0,1.0,0,0)
DispatchPointer(200027,200030,1,327.58563,1116.7279,0.0,0.0,0,1.0,1.0,0,0)
DispatchPointer(200031,200031,0,570.0,50.0,0.0,0.0,0,1.0,1.0,0,0)
DispatchPointer(200031,200034,2,563.8518,49.839928,0.0,0.0,0,1.0,1.0,0,0)
DispatchPointer(200031,200034,2,553.403,49.04838,0.0,0.0,0,1.0,1.0,0,0)
DispatchPointer(200031,200035,2,550.2055,47.77494,0.0,0.0,0,1.0,1.0,0,0)
DispatchPointer(200031,200036,2,547.37103,46.967587,0.0,0.0,0,1.0,1.0,0,0)
DispatchPointer(200031,200036,2,543.2879,45.74181,0.0,0.0,0,1.0,1.0,0,0)
DispatchPointer(200031,200037,2,538.24335,45.223675,0.0,0.0,0,1.0,1.0,0,0)
DispatchPointer(200031,200037,2,531.6496,44.845592,0.0,0.0,0,1.0,1.0,0,0)
DispatchPointer(200031,200037,2,523.45276,43.843445,0.0,0.0,0,1.0,1.0,0,0)
DispatchPointer(200031,200042,2,514.69214,43.0622,0.0,0.0,0,1.0,1.0,0,0)
DispatchPointer(200031,200043,1,509.4067,42.37554,0.0,0.0,0,1.0,1.0,0,0)
DispatchPointer(200047,200047,0,392.0,260.0,0.0,0.0,0,1.0,1.0,0,0)
DispatchPointer(200047,200048,1,391.72067,258.0941,0.0,0.0,0,1.0,1.0,0,0)
DispatchKey(200048,200048,0,23,0,0,-1,0)
DispatchKey(200062,200062,1,23,0,0,-1,0)
DispatchKey(200065,200065,0,68,0,0,-1,0)
DispatchKey(200066,200066,1,68,0,0,-1,0)
DispatchKey(200068,200068,0,142,0,0,-1,0)
DispatchKey(200070,200070,1,142,0,0,-1,0)
DispatchKey(200071,200071,0,19,0,0,-1,0)
DispatchKey(200073,200073,1,19,0,0,-1,0)
DispatchPointer(200078,200079,0,115.0,205.0,0.0,0.0,0,1.0,1.0,0,0)
DispatchPointer(200078,200086,2,115.65385,217.19624,0.0,0.0,0,1.0,1.0,0,0)
DispatchPointer(200078,200087,2,119.37961,222.93857,0.0,0.0,0,1.0,1.0,0,0)
DispatchPointer(200078,200088,2,122.599434,233.24564,0.0,0.0,0,1.0,1.0,0,0)
DispatchPointer(200078,200089,2,125.14894,244.41682,0.0,0.0,0,1.0,1.0,0,0)
DispatchPointer(200078,200090,2,129.54561,252.79793,0.0,0.0,0,1.0,1.0,0,0)
DispatchPointer(200078,200093,1,130.25624,260.35614,0.0,0.0,0,1.0,1.0,0,0)
DispatchKey(200099,200099,0,83,0,0,-1,0)
DispatchKey(200101,200101,1,83,0,0,-1,0)
DispatchPointer(200102,200102,0,650.0,961.0,0.0,0.0,0,1.0,1.0,0,0)
DispatchPointer(200102,200103,1,658.4517,964.769,0.0,0.0,0,1.0,1.0,0,0)
DispatchPointer(200105,200105,0,767.0,1153.0,0.0,0.0,0,1.0,1.0,0,0)
DispatchPointer(200105,200106,1,767.90656,1152.5413,0.0,0.0,0,1.0,1.0,0,0)
DispatchPointer(200113,200113,0,672.0,108.0,0.0,0.0,0,1.0,1.0,0,0)
DispatchPointer(200113,200115,261,672.4997,101.23693,0.0,0.0,0,1.0,1.0,0,0)
DispatchPointer(200113,200116,2,677.3039,99.81912,0.0,0.0,0,1.0,1.0,0,0)
DispatchPointer(200113,200117,262,679.4707,83.08461,0.0,0.0,0,1.0,1.0,0,0)
DispatchPointer(200113,200118,1,689.2679,63.222107,0.0,0.0,0,1.0,1.0,0,0)
DispatchKey(200119,200119,0,88,0,0,-1,0)
DispatchKey(200124,200124,1,88,0,0,-1,0)
DispatchTrackball(-1,200139,2,2.0,4.0,0.0,0.0,0,1.0,1.0,0,0)
DispatchTrackball(-1,200141,2,0.0,4.0,0.0,0.0,0,1.0,1.0,0,0)
DispatchTrackball(-1,200144,2,1.0,2.0,0.0,0.0,0,1.0,1.0,0,0)
DispatchTrackball(-1,200145,2,-5.0,-2.0,0.0,0.0,0,1.0,1.0,0,0)
DispatchTrackball(-1,200145,2,-2.0,-3.0,0.0,0.0,0,1.0,1.0,0,0)
DispatchTrackball(-1,200145,2,-2.0,-3.0,0.0,0.0,0,1.0,1.0,0,0)
DispatchTrackball(-1,200147,2,0.0,-1.0,0.0,0.0,0,1.0,1.0,0,0)
DispatchTrackball(-1,200148,2,3.0,-4.0,0.0,0.0,0,1.0,1.0,0,0)
DispatchTrackball(-1,200148,2,-3.0,3.0,0.0,0.0,0,1.0,1.0,0,0)
DispatchTrackball(-1,200149,2,-1.0,4.0,0.0,0.0,0,1.0,1.0,0,0)
DispatchTrackball(-1,200149,2,-2.0,-5.0,0.0,0.0,0,1.0,1.0,0,0)
DispatchTrackball(-1,200171,2,3.0,2.0,0.0,0.0,0,1.0,1.0,0,0)
DispatchTrackball(-1,200172,2,-5.0,-1.0,0.0,0.0,0,1.0,1.0,0,0)
DispatchTrackball(-1,200172,2,2.0,-4.0,0.0,0.0,0,1.0,1.0,0,0)
DispatchTrackball(-1,200173,2,-3.0,-1.0,0.0,0.0,0,1.0,1.0,0,0)
DispatchTrackball(-1,200173,2,-2.0,-4.0,0.0,0.0,0,1.0,1.0,0,0)
DispatchTrackball(-1,200174,2,-1.0,-1.0,0.0,0.0,0,1.0,1.0,0,0)
DispatchTrackball(-1,200174,2,-3.0,4.0,0.0,0.0,0,1.0,1.0,0,0)
DispatchTrackball(-1,200174,2,-3.0,4.0,0.0,0.0,0,1.0,1.0,0,0)
DispatchTrackball(-1,200175,2,-3.0,-1.0,0.0,0.0,0,1.0,1.0,0,0)
DispatchTrackball(-1,200182,2,1.0,-4.0,0.0,0.0,0,1.0,1.0,0,0)
DispatchTrackball(-1,200192,2,2.0,-3.0,0.0,0.0,0,1.0,1.0,0,0)
DispatchTrackball(-1,200193,2,-5.0,2.0,0.0,0.0,0,1.0,1.0,0,0)
DispatchTrackball(-1,200193,2,-4.0,2.0,0.0,0.0,0,1.0,1.0,0,0)
DispatchTrackball(-1,200194,2,2.0,-3.0,0.0,0.0,0,1.0,1.0,0,0)
DispatchTrackball(-1,200194,2,-1.0,3.0,0.0,0.0,0,1.0,1.0,0,0)
DispatchTrackball(-1,200195,2,-5.0,3.0,0.0,0.0,0,1.0,1.0,0,0)
DispatchTrackball(-1,200195,2,-2.0,-3.0,0.0,0.0,0,1.0,1.0,0,0)
DispatchTrackball(-1,200196,2,3.0,2.0,0.0,0.0,0,1.0,1.0,0,0)
DispatchTrackball(-1,200199,2,-1.0,4.0,0.0,0.0,0,1.0,1.0,0,0)
DispatchTrackball(-1,200204,2,-5.0,-2.0,0.0,0.0,0,1.0,1.0,0,0)
DispatchTrackball(-1,200210,2,-1.0,1.0,0.0,0.0,0,1.0,1.0,0,0)
DispatchTrackball(-1,200212,2,-1.0,-2.0,0.0,0.0,0,1.0,1.0,0,0)
DispatchTrackball(-1,200213,2,-2.0,2.0,0.0,0.0,0,1.0,1.0,0,0)
DispatchTrackball(-1,200215,2,3.0,0.0,0.0,0.0,0,1.0,1.0,0,0)
DispatchTrackball(-1,200218,2,-2.0,3.0,0.0,0.0,0,1.0,1.0,0,0)
DispatchTrackball(-1,200220,2,-5.0,3.0,0.0,0.0,0,1.0,1.0,0,0)
DispatchTrackball(-1,200220,2,-4.0,3.0,0.0,0.0,0,1.0,1.0,0,0)
DispatchTrackball(-1,200221,2,-4.0,3.0,0.0,0.0,0,1.0,1.0,0,0)
DispatchTrackball(-1,200222,2,-3.0,1.0,0.0,0.0,0,1.0,1.0,0,0)
DispatchPointer(200224,200224,0,111.0,500.0,0.0,0.0,0,1.0,1.0,0,0)
DispatchPointer(200224,200225,1,121.3075,499.70477,0.0,0.0,0,1.0,1.0,0,0)
DispatchPointer(200228,200228,0,144.0,74.0,0.0,0.0,0,1.0,1.0,0,0)
DispatchPointer(200228,200229,1,132.31233,67.470604,0.0,0.0,0,1.0,1.0,0,0)
DispatchKey(200234,200234,0,22,0,0,-1,0)
DispatchKey(200235,200235,1,22,0,0,-1,0)
DispatchKey(200236,200236,0,23,0,0,-1,0)
DispatchKey(200237,200237,1,23,0,0,-1,0)
DispatchKey(200247,200247,0,23,0,0,-1,0)
DispatchKey(200248,200248,1,23,0,0,-1,0)
DispatchKey(200248,200248,0,164,0,0,-1,0)
DispatchKey(200250,200250,1,164,0,0,-1,0)
DispatchKey(200251,200251,0,21,0,0,-1,0)
DispatchKey(200252,200252,1,21,0,0,-1,0)
DispatchPointer(200259,200259,0,290.0,627.0,0.0,0.0,0,1.0,1.0,0,0)
DispatchPointer(200259,200261,2,280.37677,644.6783,0.0,0.0,0,1.0,1.0,0,0)
DispatchPointer(200259,200271,2,270.56186,653.8926,0.0,0.0,0,1.0,1.0,0,0)
DispatchPointer(200259,200272,2,268.92685,669.758,0.0,0.0,0,1.0,1.0,0,0)
DispatchPointer(200259,200272,2,261.29108,674.14813,0.0,0.0,0,1.0,1.0,0,0)
DispatchPointer(200259,200281,2,261.07623,676.27045,0.0,0.0,0,1.0,1.0,0,0)
DispatchPointer(200259,200282,2,252.76385,681.3464,0.0,0.0,0,1.0,1.0,0,0)
DispatchPointer(200259,200283,2,245.38411,682.04114,0.0,0.0,0,1.0,1.0,0,0)
DispatchPointer(200259,200283,1,237.88043,685.6043,0.0,0.0,0,1.0,1.0,0,0)
DispatchTrackball(-1,200289,2,-5.0,-5.0,0.0,0.0,0,1.0,1.0,0,0)
DispatchTrackball(-1,200293,2,-1.0,-5.0,0.0,0.0,0,1.0,1.0,0,0)
DispatchTrackball(-1,200294,2,4.0,-3.0,0.0,0.0,0,1.0,1.0,0,0)
DispatchTrackball(-1,200295,2,-2.0,1.0,0.0,0.0,0,1.0,1.0,0,0)
DispatchTrackball(-1,200296,2,-4.0,-4.0,0.0,0.0,0,1.0,1.0,0,0)
DispatchTrackball(-1,200297,2,-4.0,-2.0,0.0,0.0,0,1.0,1.0,0,0)
DispatchTrackball(-1,200297,2,1.0,-3.0,0.0,0.0,0,1.0,1.0,0,0)
DispatchTrackball(-1,200298,2,3.0,-4.0,0.0,0.0,0,1.0,1.0,0,0)
DispatchTrackball(-1,200298,2,1.0,4.0,0.0,0.0,0,1.0,1.0,0,0)
DispatchTrackball(-1,200298,2,-3.0,3.0,0.0,0.0,0,1.0,1.0,0,0)
DispatchPointer(200299,200299,0,398.0,1069.0,0.0,0.0,0,1.0,1.0,0,0)
DispatchPointer(200299,200303,2,410.1347,1081.4641,0.0,0.0,0,1.0,1.0,0,0)
DispatchPointer(200299,200304,2,418.23856,1098.2308,0.0,0.0,0,1.0,1.0,0,0)
DispatchPointer(200299,200304,2,425.04437,1105.4341,0.0,0.0,0,1.0,1.0,0,0)
DispatchPointer(200299,200315,2,443.87604,1107.0527,0.0,0.0,0,1.0,1.0,0,0)
DispatchPointer(200299,200316,2,455.88208,1123.6757,0.0,0.0,0,1.0,1.0,0,0)
DispatchPointer(200299,200317,2,473.42786,1128.3456,0.0,0.0,0,1.0,1.0,0,0)
DispatchPointer(200299,200322,2,487.46695,1141.9834,0.0,0.0,0,1.0,1.0,0,0)
DispatchPointer(200299,200323,2,504.89255,1154.6882,0.0,0.0,0,1.0,1.0,0,0)
DispatchPointer(200299,200324,1,520.0361,1156.5779,0.0,0.0,0,1.0,1.0,0,0)
DispatchKey(200329,200329,0,19,0,0,-1,0)
DispatchKey(200330,200330,1,19,0,0,-1,0)
DispatchTrackball(-1,200333,2,2.0,1.0,0.0,0.0,0,1.0,1.0,0,0)
DispatchTrackball(-1,200335,2,-3.0,-4.0,0.0,0.0,0,1.0,1.0,0,0)
DispatchTrackball(-1,200336,2,0.0,3.0,0.0,0.0,0,1.0,1.0,0,0)
DispatchTrackball(-1,200336,2,-1.0,0.0,0.0,0.0,0,1.0,1.0,0,0)
DispatchTrackball(-1,200339,2,-5.0,-5.0,0.0,0.0,0,1.0,1.0,0,0)
DispatchTrackball(-1,200341,2,-4.0,0.0,0.0,0.0,0,1.0,1.0,0,0)
DispatchTrackball(-1,200342,2,1.0,-3.0,0.0,0.0,0,1.0,1.0,0,0)
DispatchTrackball(-1,200343,2,1.0,-3.0,0.0,0.0,0,1.0,1.0,0,0)
DispatchTrackball(-1,200344,2,-1.0,-5.0,0.0,0.0,0,1.0,1.0,0,0)
DispatchTrackball(-1,200344,2,0.0,0.0,0.0,0.0,0,1.0,1.0,0,0)
DispatchTrackball(-1,200347,2,-2.0,-1.0,0.0,0.0,0,1.0,1.0,0,0)
DispatchTrackball(-1,200350,2,3.0,-4.0,0.0,0.0,0,1.0,1.0,0,0)
DispatchTrackball(-1,200354,2,-1.0,-1.0,0.0,0.0,0,1.0,1.0,0,0)
DispatchTrackball(-1,200355,2,-4.0,1.0,0.0,0.0,0,1.0,1.0,0,0)
DispatchTrackball(-1,200357,2,3.0,2.0,0.0,0.0,0,1.0,1.0,0,0)
DispatchTrackball(-1,200359,2,-5.0,-3.0,0.0,0.0,0,1.0,1.0,0,0)
DispatchTrackball(-1,200360,2,4.0,-2.0,0.0,0.0,0,1.0,1.0,0,0)
DispatchTrackball(-1,200361,2,-3.0,-5.0,0.0,0.0,0,1.0,1.0,0,0)
DispatchTrackball(-1,200362,2,-2.0,-4.0,0.0,0.0,0,1.0,1.0,0,0)
DispatchTrackball(-1,200365,2,-2.0,-2.0,0.0,0.0,0,1.0,1.0,0,0)
DispatchTrackball(200347,200366,0,0.0,0.0,0.0,0.0,0,1.0,1.0,0,0)
DispatchTrackball(200347,200367,1,0.0,0.0,0.0,0.0,0,1.0,1.0,0,0)
DispatchPointer(200367,200367,0,393.0,875.0,0.0,0.0,0,1.0,1.0,0,0)
DispatchPointer(200367,200368,1,397.82437,888.5878,0.0,0.0,0,1.0,1.0,0,0)
DispatchKey(200386,200386,0,23,0,0,-1,0)
DispatchKey(200386,200386,1,23,0,0,-1,0)
DispatchKey(200388,200388,0,103,0,0,-1,0)
DispatchKey(200389,200389,1,103,0,0,-1,0)
DispatchPointer(200390,200390,0,509.0,974.0,0.0,0.0,0,1.0,1.0,0,0)
DispatchPointer(200390,200395,1,520.2423,982.6899,0.0,0.0,0,1.0,1.0,0,0)
DispatchTrackball(-1,200396,2,-5.0,-4.0,0.0,0.0,0,1.0,1.0,0,0)
DispatchTrackball(-1,200399,2,2.0,3.0,0.0,0.0,0,1.0,1.0,0,0)
DispatchTrackball(-1,200401,2,-3.0,-2.0,0.0,0.0,0,1.0,1.0,0,0)
DispatchTrackball(-1,200401,2,-2.0,0.0,0.0,0.0,0,1.0,1.0,0,0)
DispatchTrackball(-1,200402,2,1.0,2.0,0.0,0.0,0,1.0,1.0,0,0)
DispatchTrackball(-1,200403,2,4.0,-3.0,0.0,0.0,0,1.0,1.0,0,0)
DispatchTrackball(-1,200404,2,-3.0,-4.0,0.0,0.0,0,1.0,1.0,0,0)
DispatchTrackball(-1,200404,2,3.0,-2.0,0.0,0.0,0,1.0,1.0,0,0)
DispatchTrackball(-1,200405,2,4.0,-3.0,0.0,0.0,0,1.0,1.0,0,0)
DispatchTrackball(-1,200405,2,0.0,-1.0,0.0,0.0,0,1.0,1.0,0,0)
DispatchKey(200406,200406,0,82,0,0,-1,0)
DispatchKey(200424,200424,1,82,0,0,-1,0)
DispatchKey(200426,200426,0,20,0,0,-1,0)
DispatchKey(200427,200427,1,20,0,0,-1,0)
DispatchKey(200432,200432,0,164,0,0,-1,0)
DispatchKey(200433,200433,1,164,0,0,-1,0)
DispatchTrackball(-1,200434,2,-2.0,2.0,0.0,0.0,0,1.0,1.0,0,0)
DispatchTrackball(-1,200434,2,-5.0,-4.0,0.0,0.0,0,1.0,1.0,0,0)
DispatchTrackball(-1,200438,2,-5.0,-5.0,0.0,0.0,0,1.0,1.0,0,0)
DispatchTrackball(-1,200439,2,4.0,-4.0,0.0,0.0,0,1.0,1.0,0,0)
DispatchTrackball(-1,200439,2,1.0,-2.0,0.0,0.0,0,1.0,1.0,0,0)
DispatchTrackball(-1,200440,2,0.0,-3.0,0.0,0.0,0,1.0,1.0,0,0)
DispatchTrackball(-1,200441,2,2.0,-4.0,0.0,0.0,0,1.0,1.0,0,0)
DispatchTrackball(-1,200441,2,1.0,4.0,0.0,0.0,0,1.0,1.0,0,0)
DispatchTrackball(-1,200441,2,3.0,1.0,0.0,0.0,0,1.0,1.0,0,0)
DispatchTrackball(-1,200443,2,-5.0,3.0,0.0,0.0,0,1.0,1.0,0,0)
DispatchPointer(200444,200444,0,540.0,825.0,0.0,0.0,0,1.0,1.0,0,0)
DispatchPointer(200444,200448,1,541.5308,818.8958,0.0,0.0,0,1.0,1.0,0,0)
DispatchKey(200453,200453,0,19,0,0,-1,0)
DispatchKey(200455,200455,1,19,0,0,-1,0)
DispatchTrackball(-1,200462,2,-5.0,-2.0,0.0,0.0,0,1.0,1.0,0,0)
DispatchTrackball(-1,200462,2,-1.0,4.0,0.0,0.0,0,1.0,1.0,0,0)
DispatchTrackball(-1,200462,2,-5.0,2.0,0.0,0.0,0,1.0,1.0,0,0)
DispatchTrackball(-1,200463,2,4.0,1.0,0.0,0.0,0,1.0,1.0,0,0)
DispatchTrackball(-1,200463,2,0.0,4.0,0.0,0.0,0,1.0,1.0,0,0)
DispatchTrackball(-1,200463,2,-3.0,3.0,0.0,0.0,0,1.0,1.0,0,0)
DispatchTrackball(-1,200463,2,4.0,-3.0,0.0,0.0,0,1.0,1.0,0,0)
DispatchTrackball(-1,200463,2,-4.0,3.0,0.0,0.0,0,1.0,1.0,0,0)
DispatchTrackball(-1,200464,2,-4.0,-1.0,0.0,0.0,0,1.0,1.0,0,0)
DispatchTrackball(-1,200464,2,4.0,1.0,0.0,0.0,0,1.0,1.0,0,0)
DispatchKey(200464,200464,0,21,0,0,-1,0)
DispatchKey(200486,200486,1,21,0,0,-1,0)
DispatchPointer(200488,200488,0,678.0,287.0,0.0,0.0,0,1.0,1.0,0,0)
DispatchPointer(200488,200490,2,684.8782,300.22437,0.0,0.0,0,1.0,1.0,0,0)
DispatchPointer(200488,200491,2,685.1244,313.92892,0.0,0.0,0,1.0,1.0,0,0)
DispatchPointer(200488,200494,2,696.3922,328.98935,0.0,0.0,0,1.0,1.0,0,0)
DispatchPointer(200488,200498,1,708.45325,351.51553,0.0,0.0,0,1.0,1.0,0,0)
GUIGen(0)
DispatchPointer(201030,201030,0,93.0,1131.0,0.0,0.0,0,1.0,1.0,0,0)
DispatchPointer(201030,201033,2,93.58118,1127.8425,0.0,0.0,0,1.0,1.0,0,0)
DispatchPointer(201030,201034,2,94.58234,1119.3136,0.0,0.0,0,1.0,1.0,0,0)
DispatchPointer(201030,201035,2,95.522964,1114.346,0.0,0.0,0,1.0,1.0,0,0)
DispatchPointer(201030,201035,2,95.626785,1111.3359,0.0,0.0,0,1.0,1.0,0,0)
DispatchPointer(201030,201036,2,96.082535,1098.5736,0.0,0.0,0,1.0,1.0,0,0)
DispatchPointer(201030,201036,2,96.990364,1095.4354,0.0,0.0,0,1.0,1.0,0,0)
DispatchPointer(201030,201036,2,97.25233,1091.4451,0.0,0.0,0,1.0,1.0,0,0)
DispatchPointer(201030,201037,2,98.24914,1090.4237,0.0,0.0,0,1.0,1.0,0,0)
DispatchPointer(201030,201037,2,98.92073,1083.1086,0.0,0.0,0,1.0,1.0,0,0)
DispatchPointer(201030,201038,1,99.52175,1071.2727,0.0,0.0,0,1.0,1.0,0,0)
DispatchTrackball(-1,201039,2,0.0,-4.0,0.0,0.0,0,1.0,1.0,0,0)
DispatchTrackball(-1,201040,2,-2.0,-2.0,0.0,0.0,0,1.0,1.0,0,0)
DispatchTrackball(-1,201041,2,2.0,2.0,0.0,0.0,0,1.0,1.0,0,0)
DispatchTrackball(-1,201042,2,-1.0,3.0,0.0,0.0,0,1.0,1.0,0,0)
DispatchTrackball(-1,201043,2,-3.0,-4.0,0.0,0.0,0,1.0,1.0,0,0)
DispatchTrackball(-1,201043,2,0.0,-1.0,0.0,0.0,0,1.0,1.0,0,0)
DispatchTrackball(-1,201043,2,-1.0,-5.0,0.0,0.0,0,1.0,1.0,0,0)
DispatchTrackball(-1,201044,2,-2.0,-1.0,0.0,0.0,0,1.0,1.0,0,0)
DispatchTrackball(-1,201044,2,0.0,2.0,0.0,0.0,0,1.0,1.0,0,0)
DispatchTrackball(-1,201044,2,-4.0,0.0,0.0,0.0,0,1.0,1.0,0,0)
DispatchKey(201053,201053,0,21,0,0,-1,0)
DispatchKey(201054,201054,1,21,0,0,-1,0)
DispatchPointer(201055,201055,0,269.0,325.0,0.0,0.0,0,1.0,1.0,0,0)
DispatchPointer(201055,201056,261,273.0588,324.48035,0.0,0.0,0,1.0,1.0,0,0)
DispatchPointer(201055,201057,2,282.4439,324.26178,0.0,0.0,0,1.0,1.0,0,0)
DispatchPointer(201055,201058,2,302.6989,324.11365,0.0,0.0,0,1.0,1.0,0,0)
DispatchPointer(201055,201059,2,308.82013,323.9137,0.0,0.0,0,1.0,1.0,0,0)
DispatchPointer(201055,201059,262,313.33887,323.7426,0.0,0.0,0,1.0,1.0,0,0)
DispatchPointer(201055,201060,1,319.69266,323.49185,0.0,0.0,0,1.0,1.0,0,0)
DispatchKey(201060,201060,0,22,0,0,-1,0)
DispatchKey(201061,201061,1,22,0,0,-1,0)
DispatchKey(201062,201062,0,21,0,0,-1,0)
DispatchKey(201063,201063,1,21,0,0,-1,0)
DispatchPointer(201063,201063,0,358.0,376.0,0.0,0.0,0,1.0,1.0,0,0)
DispatchPointer(201063,201069,2,362.49692,379.875,0.0,0.0,0,1.0,1.0,0,0)
DispatchPointer(201063,201070,2,365.38745,380.2899,0.0,0.0,0,1.0,1.0,0,0)
DispatchPointer(201063,201070,2,366.94946,399.07492,0.0,0.0,0,1.0,1.0,0,0)
DispatchPointer(201063,201070,2,369.74954,417.23376,0.0,0.0,0,1.0,1.0,0,0)
DispatchPointer(201063,201071,1,371.54388,424.1619,0.0,0.0,0,1.0,1.0,0,0)
DispatchPointer(201072,201072,0,199.0,646.0,0.0,0.0,0,1.0,1.0,0,0)
DispatchPointer(201072,201073,1,195.47383,638.88367,0.0,0.0,0,1.0,1.0,0,0)
DispatchKey(201074,201074,0,23,0,0,-1,0)
DispatchKey(201075,201075,1,23,0,0,-1,0)
DispatchPointer(201076,201076,0,195.0,829.0,0.0,0.0,0,1.0,1.0,0,0)
DispatchPointer(201076,201077,261,206.664,831.5847,0.0,0.0,0,1.0,1.0,0,0)
DispatchPointer(201076,201078,262,215.46976,835.64215,0.0,0.0,0,1.0,1.0,0,0)
DispatchPointer(201076,201079,1,226.70023,845.6903,0.0,0.0,0,1.0,1.0,0,0)
DispatchTrackball(-1,201080,2,4.0,2.0,0.0,0.0,0,1.0,1.0,0,0)
DispatchTrackball(-1,201080,2,-4.0,2.0,0.0,0.0,0,1.0,1.0,0,0)
DispatchTrackball(-1,201081,2,2.0,-3.0,0.0,0.0,0,1.0,1.0,0,0)
DispatchTrackball(-1,201082,2,3.0,2.0,0.0,0.0,0,1.0,1.0,0,0)
DispatchTrackball(-1,201083,2,-4.0,1.0,0.0,0.0,0,1.0,1.0,0,0)
DispatchTrackball(-1,201083,2,-4.0,-5.0,0.0,0.0,0,1.0,1.0,0,0)
DispatchTrackball(-1,201084,2,-2.0,-1.0,0.0,0.0,0,1.0,1.0,0,0)
DispatchTrackball(-1,201084,2,2.0,2.0,0.0,0.0,0,1.0,1.0,0,0)
DispatchTrackball(-1,201087,2,-5.0,-2.0,0.0,0.0,0,1.0,1.0,0,0)
DispatchTrackball(-1,201088,2,-4.0,4.0,0.0,0.0,0,1.0,1.0,0,0)
DispatchKey(201090,201090,0,107,0,0,-1,0)
